0 0.827531 0.434782 0.057881 0.077175
0 0.889030 0.443740 0.042377 0.059259
0 0.886446 0.407219 0.033075 0.033075
0 0.727696 0.458210 0.056848 0.088200
0 0.631478 0.418244 0.046512 0.077175
0 0.574771 0.379657 0.031008 0.055125
0 0.557200 0.431337 0.057881 0.092334
0 0.494433 0.387926 0.041344 0.063394
0 0.430256 0.401707 0.049612 0.068906
0 0.400047 0.503688 0.096124 0.135056
0 0.326944 0.363120 0.032041 0.052369
0 0.240169 0.357607 0.037209 0.063394
0 0.291849 0.439605 0.068217 0.053747
0 0.290298 0.571905 0.102326 0.177778
0 0.135307 0.427202 0.062016 0.086822
0 0.074372 0.465790 0.091990 0.128165