0 0.954277 0.598673 0.091445 0.128319
0 0.531563 0.444248 0.018879 0.038938
0 0.594985 0.460619 0.020649 0.039823
0 0.705900 0.417257 0.030088 0.050442
0 0.573746 0.561062 0.058407 0.060177
0 0.295870 0.494248 0.031268 0.059292
0 0.353687 0.508407 0.033628 0.059292
0 0.417994 0.521681 0.043068 0.064602
0 0.154277 0.439381 0.026549 0.041593
0 0.174336 0.453097 0.024189 0.044248
0 0.183186 0.553540 0.043068 0.087611
0 0.120354 0.507965 0.049558 0.079646
0 0.090265 0.496903 0.037758 0.061062
0 0.053982 0.469027 0.035988 0.049558
0 0.031858 0.460177 0.031858 0.038938