0 0.482301 0.348038 0.117994 0.339680
0 0.911030 0.899754 0.107986 0.200491
0 0.964338 0.607162 0.071323 0.276150
0 0.828856 0.704533 0.096397 0.295304
0 0.817004 0.358148 0.047408 0.161220
0 0.883375 0.250385 0.049515 0.166044
0 0.676622 0.369322 0.043721 0.199530
0 0.844088 0.191573 0.035029 0.163881
0 0.744223 0.213920 0.044248 0.171330
0 0.663410 0.271651 0.036259 0.167605
0 0.635140 0.184124 0.042404 0.141533
0 0.707350 0.120806 0.035644 0.137809
0 0.762967 0.074249 0.042404 0.119186
0 0.862832 0.106839 0.027040 0.117324
0 0.944260 0.137567 0.041175 0.126635
0 0.927360 0.046315 0.028269 0.085665
0 0.979290 0.079836 0.035029 0.115461
0 0.018744 0.095665 0.032571 0.132222
0 0.098943 0.203678 0.049164 0.154569
0 0.036259 0.290274 0.036873 0.163881
0 0.095870 0.400148 0.055310 0.216025
0 0.252581 0.483951 0.068830 0.204851
0 0.162549 0.638520 0.068215 0.219749
0 0.105396 0.913207 0.106318 0.169468
0 0.193953 0.064226 0.028024 0.102798
0 0.333333 0.048583 0.038348 0.089389
0 0.601770 0.070931 0.020649 0.107267