0 0.104822 0.354430 0.067511 0.097649
0 0.039723 0.509042 0.024111 0.070524
0 0.224171 0.527125 0.026522 0.045208
0 0.277215 0.575045 0.050633 0.072333
0 0.357384 0.554250 0.044605 0.084991
0 0.493611 0.566908 0.051838 0.088608
0 0.589451 0.658228 0.065099 0.104882
0 0.782339 0.662749 0.072333 0.099458
0 0.918565 0.565099 0.079566 0.121157
0 0.242254 0.487342 0.024111 0.045208
0 0.274804 0.481917 0.026522 0.052441
0 0.306751 0.508137 0.032550 0.057866
0 0.354973 0.485533 0.025316 0.041591
0 0.368234 0.452080 0.025316 0.039783
0 0.323629 0.464738 0.022905 0.043400
0 0.409222 0.462025 0.018083 0.037975
0 0.443580 0.474684 0.016878 0.027125
0 0.510488 0.465642 0.020494 0.037975
0 0.469500 0.504521 0.032550 0.065099
0 0.540627 0.488246 0.032550 0.061483
0 0.574985 0.510850 0.033755 0.066908
0 0.659373 0.571429 0.028933 0.061483
0 0.687703 0.551537 0.027728 0.050633
0 0.750392 0.588608 0.049427 0.070524
0 0.778119 0.547016 0.032550 0.052441
0 0.801627 0.498192 0.024111 0.048825
0 0.741953 0.500904 0.027728 0.043400
0 0.746172 0.474684 0.024111 0.037975
0 0.702773 0.452080 0.019289 0.032550
0 0.689512 0.458409 0.019289 0.045208
0 0.672634 0.465642 0.033755 0.052441
0 0.648523 0.457505 0.021700 0.032550
0 0.623810 0.482821 0.032550 0.050633
0 0.590657 0.467450 0.024111 0.037975
0 0.857685 0.454792 0.030139 0.048825
0 0.870946 0.517179 0.049427 0.090416
0 0.942676 0.470163 0.021700 0.039783
0 0.981254 0.471067 0.028933 0.041591
0 0.984870 0.508137 0.024111 0.097649