0 0.876023 0.337227 0.157689 0.223873
0 0.720713 0.664189 0.045717 0.067565
0 0.742909 0.630407 0.030478 0.074624
0 0.673943 0.621331 0.022527 0.040337
0 0.652078 0.582506 0.025177 0.041346
0 0.641146 0.625365 0.020539 0.048405
0 0.624913 0.598137 0.022527 0.042354
0 0.608681 0.664694 0.043066 0.098827
0 0.562994 0.724191 0.049029 0.098827
0 0.574920 0.602170 0.023852 0.042354
0 0.556037 0.561329 0.023190 0.035295
0 0.545436 0.606204 0.023190 0.054456
0 0.523572 0.624860 0.029815 0.059498
0 0.519597 0.570405 0.023190 0.045380
0 0.482283 0.735697 0.068906 0.156308
0 0.449817 0.637374 0.038428 0.056472
0 0.467044 0.586448 0.027827 0.035295
0 0.485264 0.550649 0.029815 0.044371
0 0.457105 0.540564 0.021202 0.034287
0 0.445511 0.558716 0.024515 0.036304
0 0.431266 0.531488 0.017227 0.032270
0 0.417352 0.517370 0.018552 0.032270
0 0.413376 0.558716 0.026502 0.038321
0 0.414039 0.646954 0.035778 0.073616
0 0.371304 0.649475 0.031140 0.044371
0 0.366997 0.733680 0.072881 0.136139
0 0.279509 0.781076 0.093421 0.152274
0 0.317607 0.649980 0.042404 0.079667
0 0.357691 0.579389 0.023190 0.043363
0 0.383862 0.547119 0.023852 0.033278
0 0.379225 0.512328 0.017227 0.028236
0 0.344109 0.536530 0.025177 0.048405
0 0.342453 0.505773 0.017889 0.023194
0 0.326882 0.594011 0.027827 0.050422
0 0.287791 0.589978 0.037103 0.064540
0 0.306674 0.550649 0.027165 0.048405
0 0.304355 0.498714 0.018552 0.027228
0 0.308331 0.480058 0.015901 0.024202
0 0.291436 0.481066 0.013914 0.032270
0 0.271559 0.486109 0.016564 0.030253
0 0.265596 0.509303 0.025840 0.044371
0 0.244063 0.583423 0.043729 0.067565
0 0.233130 0.650988 0.052342 0.083700
0 0.211326 0.467957 0.024515 0.036304
0 0.174885 0.506782 0.025840 0.049413
0 0.136457 0.472495 0.027165 0.047397
0 0.107244 0.498714 0.027165 0.063532
0 0.115526 0.451822 0.015901 0.030253
0 0.183107 0.598549 0.038428 0.059498
0 0.142360 0.544598 0.021864 0.054456
0 0.113207 0.567288 0.041741 0.083700
0 0.149979 0.684266 0.063606 0.097818
0 0.051529 0.689813 0.066918 0.106894
0 0.024695 0.577372 0.027827 0.073616
0 0.069418 0.537035 0.043066 0.075633
0 0.023702 0.480058 0.029815 0.058489
0 0.064118 0.472495 0.045717 0.063532