0 0.895310 0.383600 0.079242 0.135646
0 0.851382 0.167485 0.056848 0.117254
0 0.756636 0.147943 0.067183 0.114955
0 0.658445 0.157139 0.070629 0.128749
0 0.595568 0.136447 0.072351 0.105758
0 0.546472 0.130700 0.056848 0.112656
0 0.768695 0.313478 0.063738 0.119553
0 0.674810 0.404292 0.086133 0.117254
0 0.710124 0.570976 0.091301 0.128749
0 0.625714 0.562929 0.080965 0.121852
0 0.544750 0.395095 0.074074 0.149441
0 0.434735 0.142195 0.065461 0.117254
0 0.335056 0.126102 0.070629 0.131048
0 0.432386 0.357160 0.082687 0.142544
0 0.420562 0.551434 0.101637 0.131048
0 0.263879 0.360609 0.079242 0.121852
0 0.268186 0.535340 0.094746 0.167834
0 0.272492 0.168635 0.062016 0.114955
0 0.220813 0.188177 0.055125 0.126450
0 0.148461 0.206570 0.093023 0.158637
0 0.126223 0.582471 0.124031 0.156338