0 0.019786 0.416817 0.033305 0.063291
0 0.044457 0.500904 0.075245 0.112116
0 0.085163 0.443942 0.043174 0.084991
0 0.120936 0.403255 0.035772 0.039783
0 0.201732 0.405967 0.024671 0.045208
0 0.206049 0.566908 0.085114 0.142857
0 0.287463 0.357143 0.018503 0.045208
0 0.311516 0.394213 0.022204 0.039783
0 0.281295 0.427667 0.023437 0.041591
0 0.236888 0.464738 0.053042 0.065099
0 0.220988 0.433421 0.038127 0.055893
0 0.351069 0.472875 0.062798 0.101923
0 0.372375 0.443285 0.031399 0.055893
0 0.444705 0.431777 0.023549 0.042742
0 0.469376 0.436709 0.037006 0.062469
0 0.462648 0.482739 0.052705 0.072333
0 0.526006 0.428489 0.020185 0.052606
0 0.538902 0.526303 0.059434 0.087128
0 0.566937 0.439997 0.028035 0.062469
0 0.591608 0.439175 0.023549 0.037810
0 0.612914 0.467943 0.043734 0.052606
0 0.646556 0.444928 0.012335 0.036166
0 0.663377 0.535344 0.057191 0.075621
0 0.695897 0.472875 0.034763 0.062469
0 0.702625 0.443285 0.028035 0.049318
0 0.732903 0.446572 0.028035 0.046030
0 0.829343 0.504932 0.037006 0.090416
0 0.892701 0.462190 0.024671 0.054250
0 0.916251 0.488493 0.038127 0.070689
0 0.991206 0.460546 0.017587 0.057537