0 0.846099 0.232249 0.082959 0.114239
0 0.975749 0.293902 0.048502 0.117866
0 0.949229 0.390008 0.101542 0.135999
0 0.700271 0.351928 0.125119 0.106986
0 0.695511 0.257636 0.104719 0.092479
0 0.469814 0.244036 0.076159 0.090666
0 0.526254 0.352835 0.129199 0.130559
0 0.463694 0.551393 0.169999 0.175892
0 0.402495 0.302968 0.107439 0.154132
0 0.350815 0.205956 0.072079 0.108799
0 0.259140 0.309315 0.106079 0.152319
0 0.256791 0.526007 0.149599 0.165012
0 0.144592 0.399074 0.112879 0.172265
0 0.160170 0.659286 0.167279 0.213972
0 0.033505 0.393882 0.067010 0.141439
0 0.023985 0.545294 0.047970 0.143252