0 0.065119 0.433333 0.041667 0.097619
0 0.014405 0.423810 0.028810 0.097619
0 0.159762 0.478571 0.066667 0.140476
0 0.229405 0.589286 0.122619 0.180952
0 0.145476 0.360714 0.028571 0.061905
0 0.173452 0.354762 0.025000 0.064286
0 0.230595 0.385714 0.041667 0.083333
0 0.255595 0.348810 0.029762 0.061905
0 0.315714 0.346429 0.028571 0.057143
0 0.306786 0.426190 0.034524 0.078571
0 0.359762 0.360714 0.028571 0.066667
0 0.370476 0.323810 0.014286 0.064286
0 0.412143 0.438095 0.042857 0.102381
0 0.420476 0.333333 0.021429 0.050000
0 0.439524 0.354762 0.026190 0.083333
0 0.482381 0.328571 0.026190 0.054762
0 0.502619 0.310714 0.016667 0.047619
0 0.531190 0.459524 0.052381 0.145238
0 0.562143 0.419048 0.047619 0.116667
0 0.702619 0.414286 0.042857 0.107143
0 0.641905 0.317857 0.028571 0.085714
0 0.568095 0.336905 0.028571 0.066667
0 0.669286 0.336905 0.033333 0.066667
0 0.777024 0.365476 0.020238 0.076190
0 0.733571 0.336905 0.038095 0.080952
0 0.672262 0.370238 0.034524 0.071429
0 0.906190 0.166667 0.078571 0.183333