0 0.926438 0.523866 0.125224 0.222123
0 0.907058 0.415786 0.080501 0.107335
0 0.919481 0.276400 0.063606 0.093918
0 0.960228 0.237640 0.033790 0.070066
0 0.832023 0.294289 0.063606 0.084973
0 0.797239 0.219006 0.041741 0.071556
0 0.702824 0.236895 0.037766 0.044723
0 0.736118 0.295034 0.040747 0.080501
0 0.693383 0.324850 0.066587 0.107335
0 0.650467 0.527593 0.114291 0.205725
0 0.651461 0.204844 0.034784 0.055158
0 0.611707 0.252548 0.054661 0.064103
0 0.587855 0.314414 0.060624 0.107335
0 0.501753 0.336776 0.060624 0.140131
0 0.496784 0.233168 0.044723 0.079010
0 0.379285 0.256275 0.049692 0.077519
0 0.379285 0.362864 0.083482 0.147585
0 0.296887 0.250312 0.049692 0.101371
0 0.253655 0.303979 0.064599 0.104353
0 0.221852 0.260747 0.048698 0.086464
0 0.133671 0.236895 0.052673 0.068575
0 0.155039 0.340503 0.103359 0.156530
0 0.017031 0.321123 0.034062 0.138640