0 0.161859 0.377137 0.054487 0.109509
0 0.186699 0.246261 0.036859 0.088141
0 0.138622 0.138088 0.040064 0.069444
0 0.020032 0.140759 0.040064 0.080128
0 0.247596 0.128739 0.036859 0.066774
0 0.342949 0.122062 0.035256 0.069444
0 0.314103 0.210203 0.041667 0.085470
0 0.353365 0.370459 0.046474 0.096154
0 0.508814 0.366453 0.049679 0.098825
0 0.432692 0.230235 0.038462 0.056090
0 0.442308 0.134081 0.038462 0.082799
0 0.535256 0.158120 0.032051 0.066774
0 0.564103 0.131410 0.022436 0.061432
0 0.544872 0.228900 0.038462 0.080128
0 0.632212 0.144765 0.046474 0.056090
0 0.674679 0.341079 0.048077 0.074786
0 0.788462 0.235577 0.057692 0.082799
0 0.840545 0.144765 0.043269 0.066774
0 0.938301 0.156784 0.040064 0.080128
0 0.922276 0.248932 0.043269 0.093483
0 0.843750 0.386485 0.062500 0.101496
0 0.458333 0.601496 0.205128 0.307158