0 0.111378 0.218985 0.030449 0.051800
0 0.097756 0.239705 0.038462 0.046620
0 0.070513 0.268195 0.048077 0.077700
0 0.013622 0.270785 0.024038 0.072520
0 0.020032 0.352370 0.040064 0.085470
0 0.117788 0.330355 0.084936 0.113960
0 0.196314 0.304455 0.062500 0.088060
0 0.169872 0.230640 0.035256 0.054390
0 0.211538 0.213805 0.025641 0.077700
0 0.235577 0.228050 0.028846 0.059570
0 0.250801 0.268195 0.036859 0.088060
0 0.291667 0.090780 0.076923 0.137270
0 0.603365 0.436545 0.084936 0.103600
0 0.442308 0.401580 0.076923 0.121730
0 0.432692 0.316110 0.060897 0.064750
0 0.599359 0.327765 0.044872 0.108780
0 0.548077 0.326470 0.035256 0.085470
0 0.465545 0.294095 0.046474 0.082880
0 0.489583 0.265605 0.036859 0.072520
0 0.525641 0.263015 0.035256 0.067340
0 0.737179 0.247475 0.044872 0.056980
0 0.782051 0.285030 0.038462 0.064750
0 0.816506 0.312225 0.049679 0.077700
0 0.940705 0.360140 0.057692 0.101010