0 0.885160 0.069620 0.062745 0.124774
0 0.961178 0.187161 0.069985 0.139241
0 0.793455 0.186257 0.067572 0.130199
0 0.699940 0.083183 0.076018 0.097649
0 0.622715 0.149186 0.083258 0.121157
0 0.511704 0.058770 0.061539 0.117540
0 0.487572 0.149186 0.063952 0.106691
0 0.427843 0.218807 0.057919 0.130199
0 0.578673 0.240506 0.062745 0.130199
0 0.760273 0.292948 0.066365 0.141049
0 0.941269 0.452984 0.061539 0.186257
0 0.804918 0.466546 0.076018 0.144665
0 0.851374 0.627486 0.154450 0.224231
0 0.716230 0.547920 0.137557 0.195298
0 0.630559 0.763110 0.176170 0.220615
0 0.847754 0.894213 0.183410 0.204340
0 0.383800 0.740506 0.136350 0.247740
0 0.526787 0.441230 0.111011 0.202532
0 0.597376 0.409584 0.059125 0.132007
0 0.333725 0.316456 0.086878 0.180832
0 0.280633 0.084087 0.079638 0.110307
0 0.185911 0.081374 0.068779 0.115732
0 0.128596 0.167269 0.067572 0.113924
0 0.258310 0.176311 0.066365 0.110307
0 0.187118 0.245027 0.068779 0.153707
0 0.061627 0.247740 0.085672 0.159132
0 0.187118 0.547016 0.092911 0.207957
0 0.046198 0.877034 0.092396 0.216998
0 0.026635 0.132911 0.051886 0.135624