0 0.984150 0.525430 0.031700 0.067528
0 0.957367 0.556712 0.049692 0.094341
0 0.959024 0.388387 0.025177 0.045681
0 0.952398 0.423641 0.027827 0.052632
0 0.933515 0.437048 0.033790 0.065542
0 0.875210 0.392360 0.064268 0.111223
0 0.844401 0.346182 0.019877 0.040716
0 0.831150 0.332776 0.026502 0.031778
0 0.808472 0.303887 0.019214 0.039722
0 0.793233 0.321265 0.024515 0.042702
0 0.809466 0.363967 0.023852 0.046674
0 0.839944 0.399717 0.018552 0.046674
0 0.795071 0.422558 0.035778 0.046674
0 0.764111 0.427027 0.011926 0.047667
0 0.758148 0.271116 0.018552 0.031778
0 0.762786 0.315804 0.021202 0.039722
0 0.730983 0.279060 0.017227 0.031778
0 0.734958 0.298922 0.021202 0.023833
0 0.754173 0.351057 0.017227 0.034757
0 0.736615 0.366946 0.024515 0.040716
0 0.731314 0.327224 0.024515 0.028799
0 0.712251 0.541996 0.041079 0.064549
0 0.686742 0.467020 0.037766 0.061570
0 0.607898 0.539514 0.039091 0.077459
0 0.515682 0.562354 0.048367 0.067528
0 0.428224 0.567319 0.066918 0.101292
0 0.332153 0.490853 0.040416 0.093348
0 0.424911 0.467516 0.045717 0.062563
0 0.510712 0.473475 0.041079 0.068521
0 0.584949 0.474964 0.053667 0.061570
0 0.636087 0.416374 0.031140 0.051639
0 0.594677 0.415877 0.037103 0.050646
0 0.536371 0.419353 0.031803 0.053625
0 0.583684 0.362748 0.023190 0.053625
0 0.617475 0.367217 0.025840 0.046674
0 0.668492 0.379134 0.032465 0.032771
0 0.668823 0.347852 0.022527 0.029792
0 0.691290 0.326005 0.022527 0.037736
0 0.693609 0.292738 0.020539 0.028799
0 0.698427 0.257980 0.013914 0.022840
0 0.685507 0.267414 0.018552 0.025820
0 0.653373 0.302668 0.020539 0.044688
0 0.607597 0.312102 0.023190 0.039722
0 0.560555 0.304654 0.023190 0.046674
0 0.604615 0.280324 0.015901 0.035750
0 0.633105 0.275359 0.015901 0.033764
0 0.656957 0.265925 0.013251 0.028799
0 0.515411 0.338599 0.022527 0.042702
0 0.424158 0.409603 0.034453 0.057598
0 0.354710 0.409603 0.041079 0.079445
0 0.299657 0.425988 0.039754 0.056605
0 0.237045 0.490537 0.047042 0.082424
0 0.103871 0.453298 0.039091 0.085403
0 0.175096 0.404638 0.046379 0.073487
0 0.177746 0.582260 0.062281 0.114202
0 0.123417 0.353721 0.038428 0.093348
0 0.164495 0.303571 0.030478 0.060577
0 0.230420 0.365637 0.044391 0.063556
0 0.253941 0.305061 0.029153 0.053625
0 0.316884 0.369610 0.033128 0.061570
0 0.036953 0.420301 0.047042 0.098313
0 0.014004 0.330925 0.028008 0.064549
0 0.013673 0.274817 0.027346 0.041709
0 0.086645 0.301630 0.037766 0.049653
0 0.055504 0.249314 0.029815 0.056605
0 0.010691 0.194695 0.021382 0.038729
0 0.040265 0.215053 0.031140 0.039722
0 0.061467 0.187744 0.024515 0.046674
0 0.044903 0.169869 0.016564 0.044688
0 0.018401 0.139580 0.019214 0.041709
0 0.007378 0.131139 0.014756 0.044688
0 0.061799 0.124188 0.021202 0.034757
0 0.075050 0.138587 0.022527 0.043695
0 0.120104 0.139084 0.022527 0.030785
0 0.092276 0.164903 0.017227 0.038729
0 0.126067 0.180792 0.026502 0.034757
0 0.093933 0.203136 0.028490 0.031778
0 0.111822 0.232432 0.029815 0.042702
0 0.144287 0.257755 0.021864 0.029792
0 0.162508 0.213067 0.021202 0.041709
0 0.149256 0.171358 0.017227 0.047667
0 0.184372 0.116740 0.021202 0.025820
0 0.173109 0.166393 0.015901 0.031778
0 0.207562 0.154476 0.013251 0.023833
0 0.187685 0.237397 0.021202 0.040716
0 0.184372 0.197178 0.017227 0.033764
0 0.223162 0.174834 0.017227 0.028799
0 0.250658 0.188240 0.017889 0.033764
0 0.220180 0.223991 0.023190 0.047667
0 0.242045 0.236900 0.025840 0.035750
0 0.263939 0.228459 0.021202 0.032771
0 0.303362 0.258748 0.031140 0.037736
0 0.278516 0.205122 0.018552 0.033764
0 0.296405 0.205619 0.013251 0.030785
0 0.279509 0.163910 0.013914 0.030785
0 0.312637 0.178310 0.020539 0.029792
0 0.381001 0.165896 0.016564 0.028799
0 0.356487 0.179303 0.017889 0.033764
0 0.337935 0.186254 0.015239 0.025820
0 0.367419 0.256762 0.023852 0.037736
0 0.337935 0.316842 0.029815 0.044688
0 0.334622 0.274140 0.021864 0.038729
0 0.334291 0.221508 0.022527 0.036743
0 0.374075 0.221011 0.019214 0.027806
0 0.388320 0.192213 0.015901 0.029792
0 0.397927 0.217536 0.021864 0.030785
0 0.413166 0.262223 0.020539 0.046674
0 0.412834 0.335214 0.026502 0.043695
0 0.362480 0.353089 0.030478 0.039722
0 0.455238 0.353089 0.033128 0.053625
0 0.440331 0.324786 0.017889 0.054618
0 0.461231 0.296484 0.023190 0.039722
0 0.459906 0.261230 0.020539 0.030785
0 0.442348 0.169869 0.010601 0.018868
0 0.423134 0.213067 0.017227 0.027806
0 0.458912 0.196185 0.014576 0.027806
0 0.480445 0.213067 0.011263 0.025820
0 0.499328 0.196681 0.017227 0.024827
0 0.516585 0.293008 0.021864 0.044688
0 0.509628 0.244845 0.013251 0.017875
0 0.501346 0.273644 0.020539 0.035750
0 0.522879 0.229949 0.018552 0.033764
0 0.551369 0.197674 0.019877 0.026813
0 0.559832 0.217039 0.011263 0.025820
0 0.561488 0.251796 0.025177 0.037736
0 0.602176 0.249810 0.017889 0.029792
0 0.633647 0.235907 0.017227 0.025820
0 0.623377 0.223494 0.013914 0.036743
0 0.594556 0.230942 0.015901 0.029792