0 0.233776 0.264012 0.151917 0.184857
0 0.393805 0.512783 0.061947 0.112094
0 0.495575 0.467552 0.061947 0.084562
0 0.555310 0.413471 0.054572 0.090462
0 0.576696 0.342675 0.026549 0.047198
0 0.937316 0.516716 0.110619 0.139626
0 0.890487 0.367195 0.023968 0.035644
0 0.938883 0.375799 0.019358 0.030728
0 0.910767 0.404683 0.033186 0.029499
0 0.990874 0.397308 0.018252 0.036873
0 0.717644 0.410214 0.026733 0.033186
0 0.680771 0.423119 0.021202 0.036873
0 0.661412 0.407756 0.026733 0.028269
0 0.641132 0.412058 0.021202 0.039331
0 0.620852 0.410828 0.015671 0.031957
0 0.429572 0.421890 0.036873 0.044248
0 0.350295 0.421890 0.029499 0.044248