0 0.965980 0.144019 0.068040 0.194558
0 0.961220 0.306658 0.066119 0.084106
0 0.869640 0.316791 0.063839 0.108426
0 0.930060 0.336044 0.047880 0.120586
0 0.833161 0.320844 0.027360 0.094239
0 0.773881 0.366950 0.039520 0.064853
0 0.814161 0.383670 0.025840 0.065866
0 0.734189 0.335031 0.028120 0.059786
0 0.721649 0.366950 0.019760 0.046613
0 0.697916 0.385697 0.020520 0.035466
0 0.674736 0.375564 0.025840 0.043573
0 0.526952 0.374044 0.053200 0.085119
0 0.420484 0.351751 0.034960 0.077013
0 0.399584 0.376070 0.020520 0.048640
0 0.370912 0.380124 0.025080 0.056746
0 0.334466 0.383164 0.016720 0.038506
0 0.315467 0.387217 0.022800 0.050666
0 0.289074 0.384177 0.015200 0.048640
0 0.271214 0.389244 0.023560 0.060800
0 0.246722 0.389750 0.027360 0.053706
0 0.223265 0.381644 0.025080 0.049653
0 0.205129 0.379617 0.019760 0.045600
0 0.171344 0.385697 0.018240 0.057760
0 0.155764 0.379110 0.012920 0.050666
0 0.142084 0.359857 0.022040 0.064853
0 0.116832 0.373537 0.045600 0.084106
0 0.085119 0.364924 0.028880 0.060800
0 0.063770 0.301084 0.057760 0.093226
0 0.021487 0.369484 0.038000 0.092213