0 0.827457 0.397745 0.212607 0.333223
0 0.629808 0.295545 0.110043 0.200965
0 0.750534 0.215675 0.067308 0.147718
0 0.565171 0.307569 0.074786 0.166612
0 0.548611 0.204510 0.052350 0.115082
0 0.505876 0.198498 0.041667 0.075576
0 0.466346 0.264627 0.071581 0.146000
0 0.342415 0.349651 0.075855 0.140847
0 0.361111 0.223404 0.053419 0.118518
0 0.422543 0.213957 0.043803 0.082447
0 0.297009 0.219969 0.049145 0.056682
0 0.611802 0.123189 0.031109 0.056076
0 0.591299 0.082647 0.024981 0.047740
0 0.559955 0.051957 0.018854 0.042436
0 0.562076 0.012717 0.023096 0.025434
0 0.533324 0.034149 0.017440 0.046225
0 0.505043 0.027708 0.017440 0.037889
0 0.494438 0.048926 0.025452 0.048498
0 0.489725 0.112580 0.022624 0.046983
0 0.523661 0.126599 0.030166 0.038647
0 0.468043 0.138344 0.030166 0.040920
0 0.473699 0.180780 0.020739 0.027280
0 0.453667 0.093635 0.026867 0.045467
0 0.458380 0.039074 0.019325 0.043952
0 0.440705 0.020674 0.017911 0.041348
0 0.420673 0.063702 0.024038 0.043194
0 0.415488 0.111064 0.026867 0.034858
0 0.417845 0.157289 0.043835 0.040920
0 0.365762 0.108791 0.030166 0.056076
0 0.320041 0.134934 0.028281 0.055318
0 0.296710 0.089467 0.028752 0.047740
0 0.285869 0.029223 0.022153 0.051529
0 0.328290 0.032633 0.020268 0.041678
0 0.304959 0.013854 0.016026 0.027708
0 0.342195 0.013096 0.019796 0.026192
0 0.380845 0.023540 0.026395 0.044709
0 0.361048 0.054988 0.020739 0.033343
0 0.341252 0.072417 0.026395 0.050014
0 0.384144 0.095529 0.016968 0.038647
0 0.407004 0.061808 0.007070 0.039405