0 0.255162 0.471505 0.041298 0.074525
0 0.154130 0.810154 0.116519 0.181928
0 0.075959 0.761933 0.087021 0.116171
0 0.016962 0.631514 0.033923 0.092060
0 0.039823 0.596444 0.044248 0.061373
0 0.108407 0.592060 0.045723 0.074525
0 0.154867 0.622747 0.064897 0.074525
0 0.356195 0.535070 0.042773 0.061373
0 0.478614 0.526303 0.054572 0.048222
0 0.825221 0.801387 0.137168 0.252069
0 0.957965 0.890282 0.084070 0.219436
0 0.724926 0.691792 0.087021 0.151241
0 0.752950 0.585484 0.001475 0.004384
0 0.613569 0.737822 0.106195 0.199463
0 0.772124 0.583292 0.051622 0.100828
0 0.929204 0.460546 0.067847 0.131514
0 0.783923 0.527399 0.022124 0.046030
0 0.817109 0.527399 0.029499 0.054798
0 0.601770 0.584388 0.058997 0.094252
0 0.720501 0.146007 0.104720 0.129322
0 0.371681 0.586580 0.050147 0.076717