0 0.115425 0.339137 0.065774 0.144558
0 0.189421 0.341781 0.061076 0.121641
0 0.365601 0.334730 0.046981 0.096960
0 0.332127 0.328560 0.024665 0.081094
0 0.221133 0.395550 0.065774 0.116352
0 0.287494 0.412298 0.069298 0.149847
0 0.361490 0.453726 0.081043 0.162187
0 0.498003 0.355003 0.070472 0.126929
0 0.502701 0.280961 0.051680 0.056413
0 0.565432 0.324152 0.059901 0.107537
0 0.590098 0.440504 0.109232 0.146321
0 0.735206 0.504850 0.120977 0.186868
0 0.962340 0.417586 0.075320 0.185105
0 0.975773 0.296827 0.045807 0.052887
0 0.950520 0.291539 0.028189 0.052887
0 0.898253 0.296827 0.045807 0.052887
0 0.876524 0.421994 0.093963 0.162187
0 0.856557 0.290657 0.032887 0.068753
0 0.811337 0.342663 0.069298 0.102249
0 0.765531 0.380565 0.071647 0.061702
0 0.702693 0.344426 0.058727 0.091671
0 0.740865 0.298590 0.071647 0.077568
0 0.676266 0.280961 0.038760 0.059939
0 0.618607 0.315338 0.052854 0.061702