0 0.965549 0.106404 0.068902 0.130551
0 0.882138 0.110071 0.097919 0.120283
0 0.729140 0.064598 0.096559 0.114415
0 0.758565 0.238421 0.118319 0.136418
0 0.580592 0.089535 0.078879 0.099747
0 0.497138 0.081467 0.076159 0.089478
0 0.527738 0.177547 0.088399 0.140819
0 0.620897 0.484854 0.163199 0.227363
0 0.343954 0.239888 0.111519 0.171623
0 0.273234 0.111538 0.081599 0.105614
0 0.216115 0.057997 0.062559 0.089478
0 0.098290 0.061665 0.073439 0.096813
0 0.023305 0.158477 0.046610 0.114415
0 0.155410 0.404910 0.165919 0.228830