0 0.113782 0.917710 0.157051 0.164580
0 0.556891 0.843836 0.116987 0.218805
0 0.491987 0.852252 0.051282 0.125031
0 0.376603 0.786129 0.070513 0.127436
0 0.331731 0.686345 0.054487 0.086560
0 0.197917 0.650278 0.046474 0.091369
0 0.022436 0.579347 0.035256 0.064920
0 0.008514 0.500011 0.016026 0.031558
0 0.016276 0.494751 0.013522 0.030056
0 0.077624 0.512784 0.022035 0.031558
0 0.127704 0.574023 0.025040 0.035315
0 0.175781 0.604454 0.033053 0.049592
0 0.153496 0.540586 0.020533 0.030056
0 0.186799 0.547724 0.026042 0.039824
0 0.290465 0.612719 0.030048 0.046586
0 0.309996 0.633383 0.034054 0.059360
0 0.288462 0.572520 0.018029 0.036818
0 0.286458 0.555238 0.017027 0.026299
0 0.326272 0.575525 0.020533 0.036818
0 0.374099 0.644653 0.036058 0.072885
0 0.415915 0.636764 0.029547 0.055603
0 0.496544 0.671703 0.040565 0.084907
0 0.593450 0.688234 0.048077 0.077393
0 0.608474 0.648410 0.027043 0.047338
0 0.676583 0.650664 0.028045 0.038321
0 0.692107 0.679969 0.049079 0.074388
0 0.703626 0.842269 0.095152 0.184090
0 0.820312 0.726555 0.056090 0.092421
0 0.801032 0.678466 0.034555 0.062365
0 0.585937 0.484607 0.019030 0.033813