0 0.257381 0.437084 0.133333 0.283124
0 0.202024 0.241858 0.086905 0.159141
0 0.159762 0.128053 0.042857 0.075870
0 0.194286 0.111399 0.040476 0.068468
0 0.261548 0.072539 0.027381 0.046262
0 0.318095 0.122502 0.045238 0.075870
0 0.397857 0.190044 0.042857 0.081421
0 0.374643 0.079941 0.039286 0.064767
0 0.462738 0.097520 0.036905 0.066617
0 0.450833 0.137306 0.051190 0.068468
0 0.527619 0.169689 0.050000 0.103627
0 0.511548 0.098446 0.034524 0.068468
0 0.548452 0.090118 0.025000 0.051813
0 0.590119 0.087343 0.029762 0.061066
0 0.632976 0.120651 0.046429 0.072169
0 0.708571 0.138231 0.038095 0.059215
0 0.673452 0.182642 0.039286 0.062916
0 0.647262 0.244634 0.067857 0.112879
0 0.460357 0.260363 0.082143 0.125833
0 0.636548 0.417654 0.108333 0.210955
0 0.863929 0.367691 0.094048 0.181347
0 0.785952 0.151184 0.033333 0.070318
0 0.848452 0.248335 0.065476 0.086973
0 0.848452 0.174315 0.051190 0.090674
0 0.960952 0.191895 0.045238 0.092524