0 0.916593 0.564553 0.071685 0.137716
0 0.823236 0.156458 0.078353 0.123219
0 0.749884 0.117801 0.076686 0.120803
0 0.744466 0.234376 0.065850 0.114763
0 0.594088 0.330525 0.061682 0.111139
0 0.516569 0.193413 0.066683 0.105099
0 0.591171 0.476696 0.069184 0.096643
0 0.427190 0.452536 0.049179 0.084562
0 0.371343 0.168044 0.050846 0.100267
0 0.337850 0.450724 0.059181 0.095434
0 0.167352 0.259855 0.055847 0.109931
0 0.136511 0.209117 0.030841 0.068858
0 0.088166 0.200057 0.077519 0.118387
0 0.108588 0.266499 0.033342 0.072482
0 0.015534 0.162608 0.031068 0.157044
0 0.235248 0.459180 0.060849 0.088186
0 0.260899 0.525018 0.053347 0.065234
0 0.229224 0.554614 0.058348 0.054361
0 0.244644 0.602991 0.062516 0.089394