0 0.617994 0.377089 0.073746 0.108161
0 0.789086 0.511799 0.061947 0.090462
0 0.940265 0.562930 0.092920 0.098328
0 0.856195 0.536382 0.078171 0.119961
0 0.041298 0.737955 0.082596 0.314651
0 0.057522 0.620944 0.115044 0.123894
0 0.132006 0.563913 0.087021 0.092429
0 0.191740 0.553097 0.076696 0.055064
0 0.193215 0.524582 0.064897 0.084562
0 0.396018 0.871927 0.275811 0.256146
0 0.292773 0.667158 0.181416 0.196657
0 0.352507 0.624877 0.088496 0.151426
0 0.376106 0.543265 0.097345 0.051131
0 0.377581 0.493117 0.100295 0.057030