0 0.893437 0.323779 0.061209 0.087647
0 0.809366 0.280510 0.031711 0.056582
0 0.749263 0.399222 0.039823 0.067677
0 0.667773 0.375369 0.036136 0.057692
0 0.621681 0.409207 0.060472 0.092085
0 0.569690 0.443046 0.056785 0.079881
0 0.555678 0.374814 0.034661 0.056582
0 0.566003 0.277182 0.018437 0.047707
0 0.519543 0.397003 0.030236 0.058801
0 0.488938 0.374814 0.030973 0.052145
0 0.461283 0.410317 0.036136 0.076553
0 0.399336 0.394230 0.037611 0.053254
0 0.403761 0.354844 0.030236 0.034393
0 0.374263 0.477439 0.078909 0.122040
0 0.299410 0.454695 0.063422 0.100961
0 0.299410 0.397558 0.029499 0.037722
0 0.275811 0.385909 0.035398 0.056582
0 0.324115 0.378697 0.031711 0.055473
0 0.193953 0.383690 0.039823 0.080990
0 0.036136 0.379252 0.042773 0.074334
0 0.016224 0.454140 0.032448 0.095413
0 0.069322 0.465235 0.069322 0.110946