0 0.986290 0.447837 0.027420 0.054007
0 0.960358 0.494395 0.059362 0.081942
0 0.885981 0.439922 0.044696 0.053076
0 0.814080 0.423161 0.039807 0.051214
0 0.831191 0.485083 0.046093 0.061457
0 0.725387 0.425023 0.035617 0.051214
0 0.748433 0.472047 0.050981 0.055870
0 0.636630 0.549799 0.063552 0.105222
0 0.661423 0.462735 0.044696 0.059594
0 0.591236 0.462270 0.045394 0.060526
0 0.560508 0.412453 0.025840 0.044696
0 0.527684 0.397554 0.028633 0.040971
0 0.478862 0.397088 0.028633 0.034453
0 0.482004 0.429679 0.043299 0.049352
0 0.514828 0.532107 0.051680 0.088461
0 0.446419 0.511156 0.053775 0.094979
0 0.429658 0.429679 0.028633 0.051214
0 0.382804 0.414315 0.025840 0.037247
0 0.354869 0.413849 0.021650 0.040040
0 0.386994 0.501379 0.045394 0.077287
0 0.349631 0.470650 0.033522 0.060526
0 0.322140 0.460873 0.037712 0.068906
0 0.262493 0.457148 0.037014 0.054007
0 0.240145 0.431541 0.028633 0.047489
0 0.193703 0.423161 0.033522 0.053076
0 0.352414 0.744923 0.113930 0.181662
0 0.259039 0.658007 0.098661 0.139378
0 0.168012 0.577356 0.081043 0.122152
0 0.073393 0.533209 0.069569 0.106009
0 0.012348 0.523050 0.024695 0.096292
0 0.036290 0.485947 0.036441 0.060955
0 0.068756 0.463420 0.024515 0.033570
0 0.022708 0.439126 0.043729 0.027386