0 0.043166 0.461196 0.044975 0.090669
0 0.137252 0.479020 0.048077 0.070520
0 0.156121 0.451896 0.033085 0.064321
0 0.153536 0.390675 0.029983 0.051922
0 0.218931 0.441434 0.033602 0.052697
0 0.243745 0.475920 0.047043 0.081370
0 0.238317 0.435622 0.028950 0.024023
0 0.304229 0.439110 0.026365 0.054246
0 0.328784 0.445697 0.031017 0.045722
0 0.352823 0.461196 0.034636 0.044172
0 0.386683 0.473982 0.041356 0.052697
0 0.357217 0.421286 0.022746 0.040297
0 0.376603 0.440272 0.030500 0.034873
0 0.406069 0.439110 0.016026 0.041847
0 0.440447 0.441047 0.018610 0.037973
0 0.453629 0.428260 0.022229 0.030998
0 0.467845 0.444147 0.021712 0.042622
0 0.499121 0.434460 0.021195 0.038747
0 0.527037 0.428260 0.022229 0.020149
0 0.527037 0.480182 0.041873 0.079045
0 0.549266 0.439110 0.016026 0.027898
0 0.633788 0.403075 0.017577 0.025573
0 0.616212 0.445697 0.029983 0.039522
0 0.628360 0.525129 0.053246 0.108493
0 0.657568 0.467783 0.028950 0.051147
0 0.676954 0.445697 0.017060 0.033323
0 0.705387 0.445697 0.010856 0.028673
0 0.714950 0.472045 0.022746 0.050372
0 0.723997 0.447247 0.020161 0.019374
0 0.784222 0.515442 0.067204 0.082920
0 0.792494 0.468170 0.038255 0.045722
0 0.823770 0.448022 0.021195 0.045722
0 0.845740 0.448409 0.027916 0.032548
0 0.856596 0.479020 0.029983 0.044172
0 0.896144 0.508468 0.040840 0.061221
0 0.955077 0.500331 0.066687 0.089894