0 0.592434 0.820988 0.097425 0.189300
0 0.780325 0.719136 0.074228 0.113169
0 0.949700 0.850823 0.100600 0.248971
0 0.944246 0.655350 0.074228 0.121399
0 0.440884 0.503086 0.091239 0.166667
0 0.164074 0.570988 0.088146 0.162551
0 0.018710 0.189300 0.035568 0.082305
0 0.211240 0.207819 0.040207 0.069959
0 0.282376 0.414609 0.052578 0.055556
0 0.290881 0.354938 0.044846 0.059671
0 0.354285 0.323045 0.047939 0.069959
0 0.581609 0.407407 0.057218 0.086420
0 0.641146 0.467078 0.049486 0.082305
0 0.878523 0.568930 0.057218 0.096708
0 0.242942 0.546296 0.060311 0.109053