0 0.093750 0.540891 0.081731 0.117862
0 0.236859 0.528571 0.096795 0.138548
0 0.396474 0.628152 0.099359 0.166450
0 0.702244 0.659903 0.130128 0.212633
0 0.944231 0.591591 0.083333 0.116419
0 0.991346 0.471323 0.017308 0.081782
0 0.955128 0.494896 0.041026 0.084668
0 0.916346 0.453043 0.039103 0.064463
0 0.810256 0.448713 0.047436 0.082744
0 0.776923 0.489123 0.047436 0.075047
0 0.778846 0.565613 0.065385 0.112570
0 0.726282 0.440535 0.038462 0.064463
0 0.702564 0.480464 0.035897 0.059653
0 0.682051 0.411671 0.032051 0.056766
0 0.614423 0.453043 0.045513 0.083706
0 0.569551 0.543003 0.059615 0.115457
0 0.502885 0.441016 0.051923 0.078895
0 0.471474 0.398682 0.031410 0.053880
0 0.492308 0.387136 0.033333 0.046183
0 0.412179 0.399163 0.038462 0.066388
0 0.423397 0.476615 0.060897 0.101987
0 0.294872 0.459297 0.064103 0.109684
0 0.216026 0.441016 0.046154 0.078895
0 0.157051 0.431395 0.051282 0.073123