0 0.044941 0.464501 0.038322 0.065579
0 0.111831 0.469728 0.035535 0.057025
0 0.137611 0.499666 0.049470 0.080786
0 0.087444 0.612767 0.074554 0.109298
0 0.178372 0.610866 0.065496 0.105497
0 0.196488 0.453096 0.033445 0.054174
0 0.238294 0.472579 0.033445 0.051323
0 0.267210 0.497290 0.032748 0.047521
0 0.271042 0.558593 0.034838 0.065579
0 0.311455 0.580928 0.044593 0.074133
0 0.355700 0.606589 0.056438 0.108348
0 0.268255 0.650308 0.055741 0.083637
0 0.311106 0.466402 0.038322 0.056075
0 0.366499 0.450720 0.030658 0.062728
0 0.401686 0.460699 0.031355 0.052273
0 0.428322 0.499283 0.029138 0.052331
0 0.413996 0.571155 0.042249 0.078165
0 0.497038 0.483385 0.039336 0.061605
0 0.544386 0.461857 0.031080 0.049019
0 0.598048 0.464175 0.028652 0.041732
0 0.560412 0.505576 0.033023 0.052993
0 0.596348 0.505907 0.035936 0.053656
0 0.567939 0.557244 0.032537 0.058293
0 0.627914 0.545652 0.035936 0.061605
0 0.606546 0.577448 0.048563 0.070878
0 0.690304 0.525979 0.044071 0.072137
0 0.672276 0.450016 0.036859 0.075416
0 0.717548 0.453842 0.034455 0.063393
0 0.780449 0.495375 0.041667 0.078695
0 0.823317 0.468597 0.032853 0.046998
0 0.868189 0.471329 0.036058 0.056835
0 0.663462 0.609592 0.065705 0.101648
0 0.727163 0.578988 0.050481 0.081974
0 0.827724 0.535816 0.056090 0.085253
0 0.798878 0.629812 0.072115 0.113670
0 0.887821 0.542373 0.049679 0.063393
0 0.908253 0.467504 0.026442 0.055742
0 0.937099 0.527618 0.036058 0.060114
0 0.949519 0.628173 0.073718 0.114763