0 0.207694 0.375226 0.057566 0.070524
0 0.267658 0.778481 0.158306 0.226040
0 0.185308 0.698011 0.079952 0.119349
0 0.301238 0.625678 0.075155 0.072333
0 0.359604 0.636528 0.038377 0.075949
0 0.082169 0.627486 0.068759 0.112116
0 0.608255 0.483725 0.059165 0.074141
0 0.571477 0.680832 0.078353 0.113924
0 0.681812 0.679024 0.103938 0.150090
0 0.752969 0.586799 0.057566 0.074141
0 0.744974 0.528029 0.051170 0.068716
0 0.811334 0.413201 0.049570 0.066908
0 0.857707 0.453888 0.049570 0.065099
0 0.960046 0.475588 0.052769 0.079566
0 0.969640 0.560579 0.052769 0.083183
0 0.920869 0.640145 0.079952 0.101266