0 0.854671 0.295152 0.053667 0.078654
0 0.924571 0.285693 0.022527 0.041816
0 0.900056 0.291667 0.021202 0.057746
0 0.776278 0.277231 0.042404 0.082636
0 0.752095 0.273746 0.020539 0.049781
0 0.733212 0.276733 0.030478 0.051772
0 0.681110 0.284200 0.026261 0.054759
0 0.703186 0.280218 0.015239 0.044803
0 0.653795 0.280218 0.031140 0.062724
0 0.605759 0.275737 0.031803 0.069693
0 0.561368 0.280218 0.029153 0.056750
0 0.537787 0.255825 0.020539 0.041816
0 0.515260 0.263790 0.023190 0.045798
0 0.487734 0.250847 0.017889 0.043807
0 0.456925 0.281711 0.049029 0.117483
0 0.419821 0.231930 0.017227 0.017921
0 0.417834 0.255825 0.019877 0.049781
0 0.386212 0.243380 0.022527 0.048785
0 0.338176 0.256821 0.060293 0.143369
0 0.298423 0.251345 0.035116 0.088610
0 0.275896 0.243380 0.023190 0.048785
0 0.242436 0.244873 0.038428 0.071684
0 0.217681 0.218489 0.026502 0.052768
0 0.160610 0.259807 0.101371 0.181202
0 0.101311 0.224961 0.042404 0.079649
0 0.077459 0.213014 0.033128 0.055755
0 0.065533 0.232428 0.039754 0.072680
0 0.020630 0.232926 0.041259 0.091597