0 0.101877 0.352901 0.090812 0.186405
0 0.306013 0.452893 0.106838 0.228377
0 0.116758 0.150448 0.064103 0.122212
0 0.234280 0.154769 0.071734 0.128385
0 0.327381 0.076380 0.050366 0.099992
0 0.439179 0.081318 0.057234 0.104930
0 0.477335 0.217727 0.077076 0.138260
0 0.436508 0.013192 0.042735 0.026384
0 0.589896 0.080701 0.056471 0.120978
0 0.617369 0.039733 0.041209 0.079466
0 0.645223 0.264019 0.080128 0.151840
0 0.766941 0.067121 0.039683 0.086413
0 0.805861 0.107242 0.073260 0.141964
0 0.844399 0.042432 0.040446 0.083944
0 0.918803 0.074528 0.061050 0.118509
0 0.988782 0.072677 0.022436 0.087647