0 0.927691 0.468991 0.144617 0.346275
0 0.842876 0.175629 0.041990 0.057087
0 0.807347 0.182309 0.035530 0.075306
0 0.738306 0.128259 0.033107 0.064375
0 0.690591 0.162875 0.031492 0.053443
0 0.726120 0.243647 0.049257 0.081379
0 0.652969 0.292232 0.048450 0.081379
0 0.609988 0.114898 0.021802 0.057087
0 0.564989 0.135546 0.031492 0.052228
0 0.527844 0.080889 0.025032 0.059516
0 0.566016 0.208423 0.034722 0.066804
0 0.564805 0.345067 0.058140 0.099598
0 0.482294 0.415957 0.077519 0.089881
0 0.352838 0.490821 0.084787 0.136037
0 0.192771 0.608804 0.101744 0.142110
0 0.085007 0.422140 0.074289 0.099598
0 0.047055 0.321327 0.062984 0.077735
0 0.021215 0.199258 0.041990 0.074091
0 0.065223 0.137920 0.033107 0.051014
0 0.072491 0.238733 0.041182 0.068018
0 0.101561 0.182254 0.031492 0.066804
0 0.126189 0.130633 0.032300 0.053443
0 0.171409 0.205331 0.041990 0.061945
0 0.134668 0.286711 0.047642 0.081379
0 0.179484 0.151281 0.032300 0.053443
0 0.194826 0.129418 0.029070 0.048585
0 0.262178 0.113628 0.025032 0.041297
0 0.244010 0.137920 0.030685 0.048585
0 0.250470 0.188327 0.024225 0.052228
0 0.244817 0.249665 0.045220 0.072877
0 0.225841 0.342583 0.075097 0.105671
0 0.326631 0.091765 0.025032 0.041297
0 0.301599 0.128203 0.025032 0.036438
0 0.322190 0.157962 0.032300 0.049799
0 0.324209 0.213834 0.047642 0.057087
0 0.349645 0.298249 0.046835 0.082594
0 0.371851 0.137920 0.033107 0.055872
0 0.400921 0.100267 0.028262 0.053443
0 0.453334 0.090550 0.021802 0.038868
0 0.399232 0.196222 0.034722 0.068018
0 0.434762 0.270313 0.033107 0.068018
0 0.459317 0.181039 0.027455 0.061945
0 0.471833 0.119701 0.029877 0.046155
0 0.523439 0.230231 0.034722 0.077735