0 0.011819 0.473418 0.023638 0.068265
0 0.041402 0.452695 0.041990 0.070704
0 0.077740 0.470371 0.053295 0.064608
0 0.115692 0.443552 0.041990 0.071923
0 0.157681 0.482561 0.067829 0.079237
0 0.251754 0.456962 0.042797 0.067046
0 0.329017 0.461838 0.050065 0.093865
0 0.384661 0.453304 0.061370 0.093865
0 0.358747 0.570331 0.103359 0.123122
0 0.199855 0.641035 0.173611 0.257214
0 0.505428 0.365763 0.037837 0.075231
0 0.523801 0.505777 0.067368 0.112847
0 0.596161 0.502294 0.066445 0.114240
0 0.729471 0.502991 0.051680 0.087770
0 0.776452 0.496025 0.051680 0.096129
0 0.830942 0.496025 0.067368 0.115633
0 0.901582 0.475127 0.056294 0.062693
0 0.962323 0.467465 0.048911 0.069659
0 0.913412 0.566380 0.080288 0.156035
0 0.983699 0.558021 0.032602 0.172753
0 0.674771 0.645791 0.153193 0.189471