0 0.525679 0.415206 0.022953 0.044535
0 0.689216 0.354952 0.035994 0.065493
0 0.893607 0.904658 0.152843 0.190683
0 0.619758 0.774205 0.111796 0.204830
0 0.468350 0.721156 0.088908 0.160622
0 0.509083 0.891357 0.213908 0.212198
0 0.340949 0.647476 0.083627 0.178306
0 0.168150 0.376622 0.031690 0.062481
0 0.117798 0.374854 0.030986 0.068375
0 0.149840 0.739556 0.176761 0.346591
0 0.126600 0.550346 0.069718 0.111994
0 0.016133 0.488976 0.032266 0.072619
0 0.038182 0.517740 0.035493 0.037724
0 0.065224 0.553578 0.053521 0.099969
0 0.026274 0.654962 0.052548 0.270671
0 0.302941 0.350118 0.021354 0.039550