0 0.197948 0.204340 0.093639 0.173599
0 0.332386 0.282098 0.038793 0.083183
0 0.460137 0.256781 0.042806 0.086799
0 0.508294 0.259494 0.056183 0.077758
0 0.577854 0.274864 0.037456 0.075949
0 0.622667 0.289331 0.044144 0.083183
0 0.650759 0.249548 0.049495 0.090416
0 0.734365 0.240506 0.040131 0.072333
0 0.776502 0.272152 0.036118 0.070524
0 0.803256 0.215190 0.028092 0.057866
0 0.838037 0.222423 0.030767 0.061483
0 0.873486 0.231465 0.026754 0.054250
0 0.918299 0.199819 0.033442 0.063291
0 0.944384 0.261302 0.042806 0.084991
0 0.988244 0.206148 0.023512 0.065099