0 0.956786 0.180326 0.067857 0.117625
0 0.780595 0.378581 0.029762 0.047429
0 0.811548 0.394707 0.032143 0.060710
0 0.798452 0.419370 0.034524 0.064504
0 0.776429 0.443085 0.038095 0.081578
0 0.760952 0.471542 0.040476 0.077784
0 0.711548 0.491463 0.072619 0.087270
0 0.614524 0.619522 0.078571 0.134699
0 0.531190 0.709638 0.107143 0.189717
0 0.266905 0.616676 0.076190 0.144185
0 0.262738 0.940144 0.179762 0.119522
0 0.064524 0.674540 0.114286 0.165054
0 0.046071 0.541738 0.079762 0.096756
0 0.050833 0.467748 0.058333 0.081578
0 0.077024 0.428856 0.039286 0.079681
0 0.154405 0.455416 0.044048 0.091064
0 0.134167 0.407039 0.027381 0.055018
0 0.171071 0.377632 0.032143 0.053121
0 0.230000 0.425062 0.026190 0.045532
0 0.250833 0.476285 0.051190 0.087270
0 0.245476 0.396604 0.033333 0.060710
0 0.293095 0.390913 0.033333 0.053121
0 0.343095 0.451622 0.045238 0.083476
0 0.333571 0.375735 0.023810 0.053121
0 0.357976 0.389964 0.029762 0.058812
0 0.389524 0.433599 0.040476 0.073990
0 0.411548 0.388067 0.027381 0.062607
0 0.439524 0.385221 0.028571 0.060710
0 0.547857 0.481977 0.047619 0.098653
0 0.478810 0.496206 0.061905 0.108139
0 0.551429 0.397553 0.030952 0.051224
0 0.593690 0.452571 0.051190 0.081578
0 0.650833 0.404193 0.032143 0.075887
0 0.686548 0.382375 0.032143 0.081578
0 0.566905 0.379530 0.035714 0.064504