0 0.943634 0.407067 0.044391 0.074538
0 0.937009 0.283334 0.036441 0.057643
0 0.899574 0.374767 0.030478 0.069569
0 0.877710 0.414024 0.043729 0.086464
0 0.872409 0.306689 0.025177 0.054661
0 0.822567 0.256772 0.024515 0.043729
0 0.814285 0.304973 0.025177 0.044723
0 0.816272 0.356155 0.030478 0.071556
0 0.803021 0.429700 0.039754 0.097396
0 0.787782 0.340254 0.023852 0.049692
0 0.772875 0.270188 0.021864 0.032797
0 0.754654 0.311930 0.021202 0.060624
0 0.748691 0.388455 0.033128 0.070563
0 0.720232 0.286090 0.024515 0.036772
0 0.726195 0.343733 0.033790 0.050686
0 0.701017 0.322862 0.020539 0.040747
0 0.673371 0.285096 0.024515 0.036772
0 0.662770 0.325843 0.019214 0.040747
0 0.682315 0.374541 0.029153 0.050686
0 0.690597 0.444110 0.047042 0.088452
0 0.637623 0.308948 0.027827 0.052673
0 0.647230 0.376529 0.023190 0.052673
0 0.603440 0.319880 0.023190 0.042735
0 0.620667 0.402369 0.032465 0.068575
0 0.587208 0.313917 0.015901 0.034784
0 0.583564 0.353671 0.023190 0.050686
0 0.582570 0.463490 0.041079 0.059630
0 0.562693 0.415786 0.034453 0.061618
0 0.562723 0.296796 0.013914 0.033790
0 0.547484 0.311704 0.019214 0.051680
0 0.508996 0.406118 0.039091 0.073544
0 0.510983 0.333071 0.024515 0.046710
0 0.501708 0.281889 0.019214 0.031803
0 0.487794 0.318661 0.028490 0.049692
0 0.474543 0.366862 0.035116 0.068575
0 0.462225 0.307232 0.017227 0.042735
0 0.437379 0.345991 0.024515 0.062612
0 0.423797 0.411088 0.043729 0.077519
0 0.404613 0.294809 0.019214 0.041741
0 0.377779 0.314685 0.018552 0.029815
0 0.388711 0.343507 0.025840 0.031803
0 0.383079 0.381769 0.025177 0.066587
0 0.338989 0.417051 0.043729 0.063606
0 0.325075 0.350463 0.029153 0.049692
0 0.336008 0.306238 0.023190 0.042735
0 0.349590 0.289342 0.022527 0.046710
0 0.309445 0.376800 0.029815 0.050686
0 0.300832 0.292821 0.019214 0.041741
0 0.268216 0.423014 0.045054 0.107335
0 0.262253 0.344004 0.025177 0.054661
0 0.277160 0.306735 0.027165 0.051680
0 0.260265 0.282882 0.025177 0.049692
0 0.228733 0.276919 0.024515 0.057643
0 0.217470 0.300275 0.027165 0.056649
0 0.175066 0.282882 0.027165 0.049692
0 0.148835 0.310213 0.023852 0.044723
0 0.204821 0.349967 0.025840 0.054661
0 0.227017 0.379285 0.031803 0.065593
0 0.180306 0.384751 0.048367 0.068575
0 0.142721 0.349967 0.029815 0.044723
0 0.128145 0.378788 0.036441 0.076526
0 0.114412 0.264000 0.025840 0.041741
0 0.104473 0.302759 0.031140 0.053667
0 0.088903 0.337047 0.035778 0.076526
0 0.055474 0.271950 0.034453 0.067581