0 0.051907 0.508137 0.045386 0.065099
0 0.145132 0.545208 0.055199 0.063291
0 0.185611 0.581374 0.057652 0.074141
0 0.235291 0.501808 0.039253 0.052441
0 0.318089 0.488246 0.038026 0.047016
0 0.391074 0.634720 0.095678 0.188065
0 0.252464 0.568716 0.063785 0.113924
0 0.468966 0.493671 0.035573 0.047016
0 0.454246 0.527125 0.038026 0.063291
0 0.590404 0.752260 0.153330 0.220615
0 0.487979 0.558770 0.049066 0.072333
0 0.560964 0.554250 0.050292 0.099458
0 0.638856 0.547016 0.056426 0.077758
0 0.690375 0.498192 0.041706 0.041591
0 0.717974 0.557866 0.047839 0.081374
0 0.763360 0.508137 0.033119 0.057866
0 0.808133 0.546112 0.031893 0.054250
0 0.819786 0.526221 0.030666 0.054250
0 0.848612 0.537975 0.039253 0.056058
0 0.882958 0.549729 0.034346 0.054250
0 0.953490 0.614828 0.089545 0.119349
0 0.954103 0.539783 0.044159 0.056058