0 0.112143 0.576351 0.071429 0.150817
0 0.067500 0.446271 0.055952 0.064097
0 0.063333 0.523565 0.052381 0.105572
0 0.171667 0.387830 0.030952 0.056556
0 0.204405 0.390658 0.027381 0.069753
0 0.244286 0.400084 0.040476 0.065982
0 0.278810 0.365207 0.023810 0.045245
0 0.321667 0.441558 0.042857 0.084835
0 0.333571 0.368035 0.028571 0.054671
0 0.393690 0.380289 0.034524 0.071638
0 0.381786 0.324675 0.022619 0.028278
0 0.437738 0.346355 0.027381 0.052786
0 0.470476 0.328446 0.028571 0.043360
0 0.522857 0.351068 0.026190 0.054671
0 0.506786 0.388773 0.032143 0.062212
0 0.485952 0.496230 0.057143 0.118768
0 0.719286 0.585777 0.078571 0.169669
0 0.650238 0.449099 0.052381 0.081064
0 0.606786 0.337872 0.015476 0.039589
0 0.622262 0.382174 0.032143 0.056556
0 0.690714 0.357667 0.028571 0.045245
0 0.744286 0.387830 0.038095 0.067868
0 0.796071 0.386887 0.027381 0.058442
0 0.850238 0.505656 0.057143 0.103687
0 0.887738 0.437788 0.036905 0.081064
0 0.931190 0.413280 0.023810 0.058442