0 0.939595 0.562073 0.066372 0.080783
0 0.949316 0.523028 0.052293 0.060138
0 0.872553 0.530209 0.065031 0.096042
0 0.862497 0.649588 0.093189 0.137331
0 0.745508 0.520784 0.034862 0.053855
0 0.784728 0.508218 0.032851 0.059241
0 0.818919 0.514501 0.030169 0.061036
0 0.696232 0.492959 0.031510 0.043084
0 0.639917 0.501037 0.031510 0.039494
0 0.594999 0.514052 0.038214 0.049367
0 0.665393 0.545019 0.042237 0.061036
0 0.692210 0.672477 0.117324 0.154385
0 0.608407 0.579127 0.069053 0.098735
0 0.547399 0.524375 0.040896 0.053855
0 0.499799 0.510462 0.040896 0.045777
0 0.442143 0.494754 0.036873 0.052060
0 0.480021 0.595733 0.065701 0.110403
0 0.364709 0.524823 0.052293 0.054753
0 0.277890 0.526170 0.052963 0.061036
0 0.320126 0.401854 0.026146 0.040391
0 0.293980 0.501935 0.034191 0.043084
0 0.224591 0.519438 0.038884 0.060138
0 0.021453 0.555341 0.040225 0.065524
0 0.065701 0.561176 0.057656 0.107711
0 0.138107 0.601118 0.077769 0.121174
0 0.257106 0.782431 0.140118 0.221704