0 0.531103 0.370705 0.039783 0.043400
0 0.505787 0.435805 0.047016 0.039783
0 0.543761 0.462025 0.043400 0.056058
0 0.596202 0.437613 0.039783 0.039783
0 0.669439 0.431284 0.037975 0.037975
0 0.904521 0.454792 0.048825 0.063291
0 0.857504 0.511754 0.056058 0.065099
0 0.808680 0.533454 0.074141 0.079566
0 0.739964 0.576854 0.132007 0.133816
0 0.484087 0.500904 0.054250 0.057866
0 0.420796 0.459313 0.057866 0.047016
0 0.376492 0.412297 0.034358 0.039783
0 0.326763 0.437613 0.043400 0.032550
0 0.324955 0.495479 0.072333 0.068716
0 0.283363 0.415913 0.043400 0.036166
0 0.229114 0.414105 0.043400 0.039783
0 0.175769 0.424955 0.037975 0.036166
0 0.229114 0.449367 0.047016 0.041591
0 0.938879 0.451175 0.027125 0.041591
0 0.164919 0.475588 0.066908 0.061483
0 0.073599 0.546112 0.097649 0.104882
0 0.125136 0.431284 0.041591 0.045208
0 0.076311 0.462025 0.052441 0.063291
0 0.011483 0.429476 0.022966 0.045208
0 0.094394 0.428571 0.030741 0.032550
0 0.562749 0.429476 0.034358 0.037975