0 0.034455 0.402730 0.068910 0.191351
0 0.040064 0.224136 0.035256 0.070162
0 0.062195 0.197553 0.028236 0.055267
0 0.120574 0.194054 0.027473 0.053153
0 0.136600 0.187220 0.021368 0.042522
0 0.269765 0.219112 0.032814 0.072896
0 0.286172 0.253282 0.039683 0.089601
0 0.339209 0.228983 0.037393 0.083526
0 0.344933 0.172034 0.027473 0.060746
0 0.388049 0.183424 0.031288 0.074414
0 0.408272 0.227465 0.047314 0.098713
0 0.429640 0.195573 0.028999 0.053153
0 0.330433 0.429446 0.108364 0.226280
0 0.536477 0.120399 0.079365 0.206538
0 0.625763 0.214556 0.044261 0.094157
0 0.648657 0.142420 0.030525 0.059228
0 0.689484 0.038179 0.028236 0.076358
0 0.601725 0.452985 0.130495 0.285508
0 0.814255 0.653448 0.199939 0.452560