0 0.904694 0.523120 0.026502 0.039986
0 0.879185 0.552877 0.044391 0.056724
0 0.869910 0.690038 0.072219 0.143206
0 0.855665 0.584029 0.049029 0.065093
0 0.791065 0.521260 0.031140 0.047425
0 0.756883 0.543113 0.033128 0.053935
0 0.736284 0.583099 0.046379 0.083692
0 0.668191 0.629594 0.056317 0.096710
0 0.603922 0.496617 0.032465 0.044636
0 0.541461 0.527769 0.035116 0.053005
0 0.519597 0.498942 0.033790 0.039986
0 0.459816 0.511961 0.031803 0.049285
0 0.477374 0.553807 0.036441 0.045565
0 0.379646 0.482204 0.021202 0.038126
0 0.363745 0.541253 0.047704 0.068813
0 0.342874 0.487783 0.027165 0.036266
0 0.290050 0.494758 0.033790 0.048355
0 0.245056 0.495223 0.029815 0.047425
0 0.136065 0.382239 0.035778 0.055794
0 0.148654 0.513356 0.033128 0.053935
0 0.192383 0.509171 0.034453 0.043706
0 0.229818 0.572870 0.048367 0.061374
0 0.278847 0.569150 0.044391 0.072533
0 0.056167 0.556723 0.045717 0.059514
0 0.460838 0.837437 0.123662 0.215008
0 0.779724 0.919366 0.140273 0.161268