0 0.092183 0.430310 0.075221 0.086283
0 0.202065 0.486726 0.073746 0.075221
0 0.238938 0.428097 0.047198 0.068584
0 0.254425 0.527655 0.113569 0.152655
0 0.400442 0.508850 0.081121 0.106195
0 0.370206 0.420354 0.058997 0.053097
0 0.261799 0.331858 0.051622 0.070796
0 0.543510 0.423673 0.057522 0.090708
0 0.632743 0.540929 0.082596 0.143805
0 0.724189 0.482301 0.085546 0.088496
0 0.798673 0.425885 0.042773 0.050885
0 0.927729 0.452434 0.079646 0.108407
0 0.702802 0.410398 0.060472 0.064159
0 0.610014 0.408157 0.037819 0.044815
0 0.568036 0.396528 0.026473 0.053324