0 0.112773 0.391975 0.081691 0.162551
0 0.218355 0.438272 0.070902 0.144033
0 0.109691 0.583333 0.084774 0.162551
0 0.265366 0.633745 0.090939 0.164609
0 0.337809 0.527778 0.057030 0.154321
0 0.365553 0.415638 0.069360 0.115226
0 0.409481 0.526749 0.073984 0.139918
0 0.513522 0.489712 0.078608 0.152263
0 0.514292 0.679012 0.086315 0.181070
0 0.627581 0.496914 0.081691 0.150206
0 0.661490 0.702675 0.094022 0.166667
0 0.789421 0.589506 0.103270 0.174897
0 0.791733 0.388889 0.092480 0.185185
0 0.950491 0.399177 0.092480 0.181070