0 0.050968 0.528807 0.045707 0.086420
0 0.145428 0.517490 0.045707 0.076132
0 0.188087 0.511317 0.030471 0.067901
0 0.222367 0.515432 0.038089 0.063786
0 0.823408 0.772634 0.124931 0.162551
0 0.586496 0.730453 0.102078 0.176955
0 0.492798 0.676955 0.076178 0.131687
0 0.713713 0.647119 0.067036 0.096708
0 0.421953 0.632716 0.056371 0.096708
0 0.360249 0.717078 0.115790 0.166667
0 0.348822 0.588477 0.056371 0.086420
0 0.287880 0.550412 0.056371 0.076132
0 0.299307 0.486626 0.039612 0.039095
0 0.345013 0.514403 0.039612 0.061728
0 0.384626 0.522634 0.042659 0.053498
0 0.428809 0.545267 0.036565 0.065844
0 0.473753 0.560700 0.038089 0.059671
0 0.543075 0.579218 0.051801 0.080247
0 0.604017 0.600823 0.054848 0.065844
0 0.958243 0.755144 0.047230 0.148148
0 0.648962 0.562757 0.047230 0.067901
0 0.946054 0.652263 0.050277 0.102881
0 0.915583 0.622428 0.053324 0.088477
0 0.839406 0.572016 0.053324 0.119342
0 0.763228 0.552469 0.041136 0.067901
0 0.709904 0.573045 0.047230 0.055556
0 0.714474 0.521605 0.031995 0.055556
0 0.524031 0.511317 0.044183 0.076132
0 0.568214 0.510288 0.047230 0.061728
0 0.636012 0.502058 0.051801 0.061728