0 0.076429 0.214336 0.078571 0.144219
0 0.165119 0.424193 0.070238 0.127578
0 0.071667 0.372422 0.071429 0.127578
0 0.141905 0.325273 0.066667 0.066562
0 0.256190 0.290143 0.066667 0.125729
0 0.249048 0.426966 0.083333 0.136823
0 0.374048 0.408477 0.071429 0.103542
0 0.396667 0.326198 0.061905 0.105391
0 0.452024 0.437135 0.065476 0.109089
0 0.535952 0.311406 0.061905 0.109089
0 0.556190 0.436211 0.059524 0.118333
0 0.614524 0.438984 0.045238 0.094297
0 0.609762 0.302161 0.059524 0.101693
0 0.700238 0.291068 0.059524 0.112786
0 0.777024 0.244844 0.075000 0.138672
0 0.880000 0.360404 0.050000 0.118333