0 0.976401 0.585177 0.038348 0.066372
0 0.893805 0.579093 0.039823 0.082965
0 0.834071 0.600111 0.033923 0.074115
0 0.783186 0.603982 0.020649 0.044248
0 0.761799 0.604535 0.025074 0.058628
0 0.736357 0.604535 0.040560 0.082965
0 0.717183 0.616704 0.016962 0.051991
0 0.692847 0.606195 0.025811 0.048673
0 0.650811 0.618363 0.031711 0.050885
0 0.602139 0.617257 0.027286 0.050885
0 0.584440 0.626106 0.030236 0.048673
0 0.075221 0.621128 0.032448 0.058628
0 0.135324 0.628319 0.027286 0.053097
0 0.178835 0.617810 0.033186 0.049779
0 0.222714 0.626659 0.035398 0.051991
0 0.281711 0.633296 0.033923 0.056416
0 0.331858 0.619469 0.029499 0.057522
0 0.362832 0.618363 0.023599 0.064159
0 0.391962 0.618363 0.027286 0.050885
0 0.426388 0.600865 0.030839 0.061344