0 0.524840 0.782051 0.142628 0.237179
0 0.461538 0.137821 0.019231 0.034188
0 0.528045 0.153846 0.017628 0.036325
0 0.547276 0.160256 0.020833 0.023504
0 0.545673 0.129274 0.020833 0.034188
0 0.587340 0.127137 0.017628 0.029915
0 0.595353 0.175214 0.020833 0.023504
0 0.655449 0.269231 0.070513 0.134615
0 0.662660 0.182692 0.017628 0.029915
0 0.691506 0.163462 0.017628 0.029915
0 0.713141 0.177350 0.022436 0.032051
0 0.730769 0.181624 0.019231 0.027778
0 0.993590 0.221154 0.012820 0.034188
0 0.974359 0.217949 0.028846 0.040598
0 0.944712 0.211538 0.027244 0.040598
0 0.923878 0.175214 0.027244 0.040598
0 0.879808 0.208333 0.025641 0.042735
0 0.833333 0.178419 0.025641 0.038462
0 0.811699 0.204060 0.020833 0.029915
0 0.844551 0.202991 0.016026 0.032051
0 0.790064 0.202991 0.019231 0.036325
0 0.766827 0.186966 0.017628 0.029915
0 0.189103 0.177350 0.044872 0.057692
0 0.240385 0.184829 0.022436 0.042735
0 0.077724 0.174145 0.049679 0.081197
0 0.273237 0.220085 0.024038 0.036325
0 0.299679 0.199786 0.028846 0.051282
0 0.337340 0.198718 0.040064 0.044872
0 0.310096 0.228632 0.014423 0.057692
0 0.356571 0.246795 0.046474 0.068376
0 0.398237 0.251068 0.033654 0.076923
0 0.479167 0.266026 0.054487 0.081197
0 0.420673 0.251068 0.027244 0.064103
0 0.448718 0.253205 0.048077 0.106838
0 0.514423 0.272436 0.054487 0.106838
0 0.540865 0.308761 0.049679 0.106838
0 0.707532 0.400641 0.078526 0.106838
0 0.832532 0.348291 0.088141 0.134615
0 0.956731 0.391026 0.086538 0.147436
0 0.447115 0.673077 0.137821 0.181624
0 0.334135 0.589744 0.113782 0.164530
0 0.336538 0.481838 0.102564 0.132479
0 0.315705 0.395299 0.073718 0.117521
0 0.266026 0.351496 0.064103 0.106838
0 0.228365 0.306624 0.052885 0.076923
0 0.199519 0.291667 0.036859 0.072650
0 0.147436 0.291667 0.054487 0.098291
0 0.222756 0.232906 0.041667 0.049145
0 0.115385 0.178419 0.054487 0.059829
0 0.169772 0.251068 0.027043 0.052083