0 0.879109 0.513247 0.131919 0.151360
0 0.877749 0.392158 0.099279 0.098384
0 0.963058 0.281476 0.063919 0.111628
0 0.977789 0.214310 0.044422 0.056760
0 0.941298 0.097005 0.042160 0.075680
0 0.924978 0.234176 0.053040 0.085140
0 0.896418 0.193498 0.031280 0.068112
0 0.861739 0.194444 0.046240 0.088924
0 0.827739 0.184038 0.032640 0.052976
0 0.808699 0.252150 0.057120 0.068112
0 0.781499 0.170794 0.038080 0.060544
0 0.730500 0.207688 0.036720 0.062436
0 0.727100 0.158496 0.043520 0.032164
0 0.682900 0.174578 0.042160 0.071896
0 0.660460 0.208634 0.046240 0.079464
0 0.607112 0.267286 0.044880 0.071896
0 0.674431 0.340128 0.065279 0.104060
0 0.647911 0.415808 0.107439 0.157036
0 0.455349 0.356210 0.092479 0.143792
0 0.530148 0.276746 0.076159 0.113520
0 0.584548 0.152820 0.032640 0.054868
0 0.549868 0.176470 0.047600 0.079464
0 0.621948 0.196336 0.028560 0.058652
0 0.498745 0.188768 0.043520 0.066220
0 0.469505 0.155658 0.036720 0.064328
0 0.433466 0.169848 0.051680 0.088924
0 0.432786 0.250258 0.072079 0.060544
0 0.372637 0.164172 0.048960 0.081356
0 0.312118 0.140522 0.031280 0.049192
0 0.332517 0.314586 0.080239 0.124872
0 0.330477 0.222824 0.048960 0.058652
0 0.331837 0.184984 0.057120 0.070004
0 0.284238 0.183092 0.043520 0.070004
0 0.261118 0.158496 0.048960 0.062436
0 0.257718 0.243636 0.050320 0.107844
0 0.270205 0.624875 0.183599 0.242177
0 0.102370 0.417700 0.106079 0.179741
0 0.027385 0.337290 0.054770 0.140008
0 0.048650 0.170794 0.053040 0.079464
0 0.081290 0.170794 0.036720 0.083248
0 0.104410 0.167956 0.042160 0.092708
0 0.136370 0.189714 0.054400 0.079464
0 0.180569 0.136738 0.050320 0.056760
0 0.190769 0.227554 0.043520 0.075680
0 0.220689 0.195390 0.032640 0.090816