0 0.072216 0.179928 0.111329 0.207957
0 0.060699 0.053345 0.080617 0.077758
0 0.221294 0.330922 0.212420 0.372514
0 0.283357 0.062387 0.085736 0.124774
0 0.447791 0.165461 0.107490 0.193490
0 0.454829 0.039783 0.072940 0.065099
0 0.602627 0.064195 0.061423 0.110307
0 0.664690 0.286618 0.185548 0.244123
0 0.797133 0.146474 0.092134 0.130199
0 0.759383 0.030741 0.042228 0.057866
0 0.811209 0.029837 0.048626 0.059674
0 0.941092 0.132911 0.080617 0.128391
0 0.895665 0.074141 0.053745 0.086799
0 0.966045 0.046112 0.061423 0.084991