0 0.007375 0.643559 0.014749 0.082596
0 0.023599 0.618977 0.044248 0.084562
0 0.118732 0.579646 0.051622 0.096362
0 0.166667 0.591445 0.044248 0.080629
0 0.253687 0.619961 0.044248 0.086529
0 0.289823 0.623894 0.028024 0.062930
0 0.358407 0.589479 0.047198 0.076696
0 0.366462 0.686597 0.037440 0.073368
0 0.412412 0.628735 0.031768 0.062023
0 0.512253 0.724794 0.046517 0.084714
0 0.619753 0.715339 0.047084 0.074881
0 0.518493 0.555745 0.031768 0.076394
0 0.561039 0.573141 0.034037 0.058241
0 0.665419 0.559148 0.041979 0.063535
0 0.711085 0.546290 0.036873 0.074124
0 0.806955 0.618145 0.047084 0.077150
0 0.869923 0.605665 0.039142 0.070343
0 0.948207 0.569738 0.045950 0.066561
0 0.172566 0.740905 0.058997 0.100295