0 0.115975 0.105457 0.066633 0.143488
0 0.191464 0.098012 0.064103 0.131305
0 0.299426 0.112225 0.060729 0.119122
0 0.398954 0.106811 0.064103 0.108293
0 0.506073 0.129146 0.059042 0.101524
0 0.603492 0.115609 0.049764 0.112353
0 0.682355 0.134561 0.053981 0.109646
0 0.777665 0.149451 0.052294 0.115061
0 0.862011 0.148097 0.053981 0.106939
0 0.899966 0.340993 0.062416 0.124536
0 0.789052 0.363328 0.058198 0.115061
0 0.650725 0.351146 0.058198 0.112353
0 0.543185 0.364005 0.057355 0.124536
0 0.440283 0.363328 0.060729 0.128597
0 0.291414 0.378896 0.064946 0.119122
0 0.145074 0.396493 0.064103 0.111000