0 0.041077 0.518083 0.045609 0.092224
0 0.153866 0.543400 0.054237 0.088608
0 0.236455 0.552441 0.061634 0.088608
0 0.344930 0.586799 0.064099 0.099458
0 0.351093 0.515371 0.056703 0.075949
0 0.462650 0.526221 0.040678 0.075949
0 0.434299 0.529837 0.025886 0.072333
0 0.522435 0.529837 0.051772 0.079566
0 0.632759 0.680832 0.109708 0.211573
0 0.683914 0.543400 0.056703 0.088608
0 0.749862 0.642857 0.082589 0.179024
0 0.971743 0.565099 0.048074 0.084991
0 0.804716 0.594033 0.039445 0.099458
0 0.732605 0.534358 0.048074 0.063291