0 0.563851 0.470210 0.024225 0.056806
0 0.773726 0.649021 0.030685 0.058097
0 0.812889 0.649666 0.028262 0.067135
0 0.845593 0.670323 0.045220 0.069717
0 0.891216 0.674842 0.047642 0.063261
0 0.884352 0.625136 0.027455 0.038732
0 0.921901 0.643211 0.025032 0.049060
0 0.941684 0.647084 0.024225 0.064553
0 0.971562 0.672905 0.048450 0.121359
0 0.589103 0.638692 0.022610 0.058097
0 0.544691 0.686461 0.046835 0.104575
0 0.513603 0.649021 0.018572 0.045187
0 0.489782 0.631591 0.024225 0.059388
0 0.469594 0.641274 0.022610 0.060679
0 0.440524 0.635465 0.025840 0.072299
0 0.452233 0.848952 0.121932 0.302096
0 0.379962 0.697259 0.048450 0.096829
0 0.411858 0.619150 0.028262 0.049060
0 0.377136 0.632061 0.031492 0.041314
0 0.353352 0.624315 0.020187 0.038732
0 0.323695 0.612695 0.026647 0.036149
0 0.283944 0.616568 0.035530 0.064553
0 0.320685 0.663692 0.037952 0.065844
0 0.228154 0.594620 0.027455 0.038732
0 0.238651 0.634643 0.038760 0.046478
0 0.186091 0.597848 0.027455 0.047769
0 0.153607 0.599139 0.029877 0.063261
0 0.095798 0.574609 0.025840 0.032276
0 0.158085 0.695968 0.071867 0.107157
0 0.112058 0.674020 0.057332 0.125232
0 0.044229 0.587520 0.020187 0.042605
0 0.014755 0.606885 0.025840 0.109739