0 0.839971 0.368870 0.054572 0.099659
0 0.624555 0.476274 0.025430 0.050643
0 0.638033 0.456831 0.025938 0.047930
0 0.572170 0.472657 0.024413 0.061496
0 0.544451 0.486674 0.034076 0.073252
0 0.504781 0.496170 0.039162 0.072348
0 0.450615 0.495717 0.044756 0.071443
0 0.468925 0.455474 0.024413 0.041600
0 0.496389 0.448239 0.018309 0.039791
0 0.519276 0.459544 0.015258 0.053356
0 0.548520 0.449596 0.022887 0.035269
0 0.398993 0.521491 0.044248 0.086817
0 0.388567 0.474465 0.032550 0.037983
0 0.430526 0.474918 0.023904 0.047930
0 0.380429 0.451405 0.023395 0.037078
0 0.352711 0.460448 0.032042 0.037078
0 0.347116 0.445074 0.026956 0.033461
0 0.326772 0.455926 0.015766 0.044313
0 0.347371 0.516970 0.034584 0.090435
0 0.371783 0.508378 0.018309 0.069635
0 0.305666 0.464518 0.031533 0.063304
0 0.283033 0.517422 0.058488 0.113043
0 0.249975 0.476274 0.026956 0.052452
0 0.266758 0.449596 0.015766 0.022609
0 0.232174 0.463161 0.023904 0.058782
0 0.243109 0.432413 0.021361 0.031652
0 0.243363 0.410257 0.015766 0.025322
0 0.220476 0.421109 0.018818 0.037983
0 0.217933 0.402570 0.020852 0.024417
0 0.196063 0.412518 0.026956 0.044313
0 0.171905 0.370466 0.020344 0.032556
0 0.199624 0.488031 0.033059 0.072348
0 0.156393 0.474013 0.033059 0.062400
0 0.155884 0.433770 0.020852 0.023513
0 0.151307 0.398048 0.018818 0.022609
0 0.143170 0.375892 0.016784 0.018087
0 0.136049 0.357353 0.016784 0.020800
0 0.109857 0.359613 0.021361 0.030748
0 0.110619 0.386292 0.025938 0.026226
0 0.122063 0.418396 0.018309 0.032556
0 0.110874 0.441457 0.024413 0.029843
0 0.131980 0.504761 0.046282 0.076869
0 0.150290 0.484865 0.013732 0.073252
0 0.096125 0.486222 0.025430 0.070539
0 0.072221 0.353735 0.023395 0.029843
0 0.037890 0.366848 0.025938 0.032556
0 0.048317 0.394883 0.021361 0.034365
0 0.061540 0.411161 0.022378 0.037983
0 0.071712 0.448239 0.028481 0.050643
0 0.080358 0.509735 0.012206 0.083200
0 0.048571 0.525109 0.056454 0.113948
0 0.012206 0.376796 0.024412 0.041600
0 0.017292 0.412065 0.022378 0.043409
0 0.007883 0.445526 0.015766 0.070539
0 0.027718 0.468135 0.033059 0.057878