0 0.079896 0.292181 0.057099 0.098765
0 0.192550 0.303498 0.050926 0.076132
0 0.246563 0.320988 0.050926 0.078189
0 0.315236 0.289095 0.046296 0.080247
0 0.403970 0.315844 0.044753 0.088477
0 0.461069 0.284979 0.050926 0.072016
0 0.508908 0.296296 0.050926 0.057613
0 0.552890 0.292181 0.040123 0.069959
0 0.637767 0.298354 0.037037 0.065844
0 0.708754 0.299383 0.067901 0.084362
0 0.903199 0.325103 0.049383 0.065844
0 0.861532 0.352881 0.058642 0.072016
0 0.980149 0.340535 0.039702 0.080247
0 0.811378 0.449588 0.072531 0.109053
0 0.863075 0.446502 0.046296 0.086420
0 0.974747 0.500000 0.050505 0.131687
0 0.762767 0.544239 0.108025 0.146091
0 0.515081 0.628601 0.131173 0.187243
0 0.546717 0.482510 0.123457 0.133745
0 0.333754 0.380658 0.067901 0.094650
0 0.421717 0.398148 0.067901 0.100823
0 0.603816 0.347737 0.052469 0.082305
0 0.496563 0.367284 0.060185 0.059671
0 0.566779 0.366255 0.052469 0.053498
0 0.754279 0.363169 0.057099 0.080247
0 0.806748 0.293210 0.047840 0.059671
0 0.322952 0.508230 0.108025 0.189300
0 0.167859 0.422840 0.069444 0.113169
0 0.083754 0.389918 0.061728 0.096708