0 0.726729 0.192608 0.048960 0.086699
0 0.774328 0.257208 0.076159 0.117299
0 0.463200 0.235108 0.065156 0.056100
0 0.612181 0.213008 0.077519 0.056100
0 0.542697 0.309058 0.074799 0.067999
0 0.890855 0.373657 0.107439 0.084999
0 0.936247 0.491806 0.127505 0.113899
0 0.627140 0.549683 0.140573 0.151453
0 0.630293 0.720609 0.171359 0.207398
0 0.140450 0.681509 0.155039 0.125799
0 0.323368 0.513210 0.140079 0.139399
0 0.132290 0.486011 0.103359 0.118999
0 0.183289 0.394443 0.104719 0.079899
0 0.159490 0.246544 0.073439 0.045900
0 0.216609 0.219345 0.048960 0.083299
0 0.300248 0.223595 0.063919 0.057800
0 0.039625 0.305194 0.079250 0.067999