0 0.015224 0.510844 0.030448 0.067476
0 0.046474 0.536148 0.057692 0.074706
0 0.181090 0.592780 0.067308 0.125313
0 0.291667 0.619289 0.083333 0.144592
0 0.551282 0.769906 0.150641 0.291594
0 0.882212 0.612059 0.084936 0.173511
0 0.932692 0.565067 0.041667 0.084345
0 0.964744 0.533738 0.048077 0.065067
0 0.676082 0.448905 0.026042 0.056403
0 0.708467 0.502036 0.028045 0.048197
0 0.711472 0.549732 0.036725 0.061251
0 0.548878 0.569814 0.052083 0.103424
0 0.537527 0.490489 0.024038 0.047193
0 0.496127 0.487477 0.024038 0.037152
0 0.455729 0.556760 0.047409 0.091374
0 0.434362 0.502538 0.030048 0.045185
0 0.415331 0.482456 0.016026 0.029119
0 0.388288 0.496514 0.027377 0.049202
0 0.374265 0.477436 0.020700 0.031127
0 0.320179 0.485468 0.026042 0.053218
0 0.284121 0.484966 0.026042 0.054222
0 0.184696 0.484962 0.023237 0.059042
0 0.213542 0.506049 0.040865 0.057837