0 0.986800 0.553086 0.026400 0.078491
0 0.958030 0.543852 0.037766 0.057714
0 0.940141 0.632155 0.064268 0.160445
0 0.852864 0.696218 0.074869 0.147748
0 0.726164 0.312995 0.038428 0.055406
0 0.723032 0.516727 0.041079 0.077337
0 0.804196 0.837303 0.080170 0.174297
0 0.650458 0.943044 0.111972 0.113912
0 0.310234 0.700018 0.062016 0.168064
0 0.243912 0.630992 0.067183 0.126048
0 0.524119 0.616067 0.059280 0.091358
0 0.600119 0.555823 0.039520 0.076794
0 0.629759 0.532653 0.041040 0.083414
0 0.647238 0.496904 0.038000 0.064878
0 0.597459 0.490946 0.031160 0.060905
0 0.564019 0.498890 0.035720 0.074146
0 0.522599 0.463141 0.039520 0.058257
0 0.529439 0.521399 0.036480 0.063553
0 0.502080 0.536625 0.045600 0.086062
0 0.464011 0.445267 0.027360 0.048989
0 0.452611 0.498228 0.036480 0.080766
0 0.421831 0.440633 0.034200 0.063553
0 0.397442 0.330738 0.022040 0.047665
0 0.409982 0.512792 0.038000 0.067526
0 0.392502 0.582304 0.042560 0.100626
0 0.348077 0.494256 0.047120 0.080766
0 0.318057 0.471747 0.031160 0.091358
0 0.278952 0.467775 0.040280 0.075470
0 0.272492 0.555823 0.056240 0.095330
0 0.132481 0.755752 0.088919 0.198605
0 0.228240 0.479692 0.037240 0.072822
0 0.246860 0.426068 0.027360 0.060905
0 0.225200 0.410842 0.023560 0.051637
0 0.186440 0.424082 0.038760 0.070174
0 0.139701 0.431364 0.039520 0.066202
0 0.159461 0.586276 0.057760 0.124459
0 0.105501 0.563106 0.053200 0.099302
0 0.077001 0.508158 0.053960 0.100626
0 0.088401 0.440633 0.029640 0.068850
0 0.059521 0.432688 0.035720 0.084738
0 0.019483 0.564430 0.038966 0.088710
0 0.016823 0.711758 0.033646 0.149616
0 0.027567 0.709110 0.000000 0.001324