0 0.904875 0.424821 0.060955 0.119261
0 0.843588 0.393515 0.049692 0.088452
0 0.724809 0.362706 0.044391 0.066587
0 0.729116 0.466562 0.067581 0.129199
0 0.633798 0.341835 0.044391 0.086464
0 0.594014 0.390533 0.051680 0.108328
0 0.532517 0.318977 0.039754 0.066587
0 0.508002 0.357737 0.046379 0.092427
0 0.466773 0.333388 0.035116 0.061618
0 0.424580 0.329909 0.042404 0.080501
0 0.329262 0.200936 0.033790 0.063606
0 0.520450 0.503811 0.093789 0.165088
0 0.478341 0.730627 0.149297 0.291415
0 0.383116 0.473664 0.075605 0.127763
0 0.306597 0.431316 0.065078 0.109101
0 0.251090 0.556926 0.099531 0.222509
0 0.211254 0.373894 0.056702 0.089004
0 0.132561 0.267916 0.031186 0.077519
0 0.173102 0.335411 0.033859 0.081529
0 0.088455 0.328060 0.051680 0.074846
0 0.024179 0.391546 0.048358 0.092221
0 0.016281 0.318036 0.030295 0.052125
0 0.047862 0.838707 0.095724 0.322586