0 0.808566 0.419985 0.176282 0.292176
0 0.709345 0.626806 0.040486 0.092855
0 0.700911 0.580379 0.029521 0.038870
0 0.603914 0.552306 0.028677 0.050386
0 0.530744 0.537190 0.022352 0.050386
0 0.468961 0.552306 0.028677 0.059024
0 0.450616 0.517755 0.017291 0.044628
0 0.391363 0.530352 0.023617 0.052546
0 0.373018 0.506238 0.018134 0.035990
0 0.306385 0.502639 0.024882 0.053266
0 0.303011 0.441096 0.020665 0.039589
0 0.236378 0.443975 0.015604 0.036710
0 0.236167 0.399707 0.016026 0.034551
0 0.221829 0.459091 0.020243 0.039589
0 0.162787 0.437497 0.019399 0.043908
0 0.133477 0.470968 0.023195 0.047507
0 0.086454 0.416263 0.022773 0.048947
0 0.060518 0.391429 0.023195 0.038150
0 0.009489 0.398267 0.018978 0.038870