0 0.953023 0.646794 0.093954 0.171561
0 0.968731 0.461790 0.056465 0.101144
0 0.895519 0.549491 0.068906 0.125470
0 0.719425 0.537968 0.063164 0.099864
0 0.846232 0.468191 0.060293 0.078099
0 0.687365 0.450267 0.066035 0.065296
0 0.705548 0.396494 0.035410 0.062735
0 0.937149 0.396494 0.050723 0.078099
0 0.902696 0.361286 0.033496 0.069137
0 0.865372 0.339520 0.027754 0.051212
0 0.831398 0.301751 0.026797 0.047371
0 0.838575 0.267183 0.020098 0.032008
0 0.840489 0.408017 0.056465 0.055053
0 0.805079 0.361926 0.044980 0.065296
0 0.779718 0.317755 0.030625 0.033288
0 0.714161 0.349763 0.035410 0.040970
0 0.720861 0.271664 0.023926 0.035849
0 0.592097 0.285457 0.025840 0.049932
0 0.566257 0.293778 0.025840 0.040970
0 0.541853 0.284176 0.019141 0.034568
0 0.521755 0.288657 0.022969 0.038409
0 0.536110 0.339870 0.024883 0.040970
0 0.493044 0.309142 0.024883 0.048652
0 0.486345 0.283536 0.022969 0.033288
0 0.468161 0.272013 0.021055 0.033288
0 0.452370 0.306582 0.016269 0.043530
0 0.471989 0.331548 0.021055 0.047371
0 0.510749 0.368036 0.023926 0.046091
0 0.452370 0.389161 0.041152 0.049932
0 0.430359 0.349472 0.027754 0.042250
0 0.426052 0.299540 0.019141 0.042250
0 0.403562 0.325146 0.025840 0.055053
0 0.403083 0.430771 0.040195 0.069137
0 0.297593 0.512071 0.058379 0.108826
0 0.290415 0.423089 0.032539 0.051212
0 0.377505 0.406446 0.024883 0.051212
0 0.361714 0.350112 0.031582 0.048652
0 0.312427 0.389161 0.030625 0.052493
0 0.286108 0.361635 0.023926 0.046091
0 0.346401 0.318744 0.016269 0.032008
0 0.363149 0.266892 0.017227 0.033288
0 0.334569 0.272013 0.016269 0.033288
0 0.250002 0.312983 0.027754 0.043530
0 0.302160 0.311703 0.019141 0.040970
0 0.315559 0.261131 0.019141 0.034568
0 0.229252 0.420529 0.042109 0.064015
0 0.243607 0.372517 0.034453 0.067856
0 0.204848 0.330907 0.023926 0.038409
0 0.175180 0.312343 0.025840 0.039690
0 0.146469 0.324506 0.023926 0.053773
0 0.290284 0.280335 0.016269 0.021765
0 0.107927 0.321945 0.031582 0.053773
0 0.147644 0.375718 0.032539 0.053773
0 0.062946 0.340510 0.027754 0.044811
0 0.060075 0.386601 0.035410 0.057614
0 0.017488 0.354593 0.032539 0.062735
0 0.083044 0.473662 0.048808 0.085781
0 0.117976 0.446135 0.044023 0.069137
0 0.188317 0.488385 0.075605 0.117788
0 0.136638 0.590810 0.089004 0.171561
0 0.025970 0.570965 0.051940 0.157478