0 0.992763 0.502614 0.014474 0.056752
0 0.957367 0.472745 0.017889 0.040822
0 0.968631 0.502116 0.020539 0.045800
0 0.935834 0.488675 0.031803 0.054761
0 0.911651 0.505601 0.031140 0.072682
0 0.876866 0.522029 0.038428 0.047791
0 0.865934 0.458308 0.015239 0.031861
0 0.829494 0.440386 0.017889 0.023896
0 0.813592 0.530990 0.043066 0.057748
0 0.791065 0.443373 0.020539 0.033852
0 0.756281 0.441382 0.025177 0.031861
0 0.770195 0.520536 0.051680 0.076665
0 0.682195 0.533479 0.062281 0.098569
0 0.643435 0.471749 0.025840 0.042813
0 0.716979 0.431923 0.021864 0.032856
0 0.706378 0.453330 0.021864 0.047791
0 0.685507 0.452832 0.021202 0.052769
0 0.662649 0.434412 0.016564 0.027878
0 0.615939 0.443373 0.027827 0.039826
0 0.588111 0.489173 0.043729 0.091600
0 0.588774 0.428936 0.018552 0.028874
0 0.561609 0.440386 0.029153 0.039826
0 0.525530 0.442377 0.027827 0.037835
0 0.386031 0.557873 0.063606 0.103547
0 0.386693 0.471251 0.034453 0.045800
0 0.401270 0.448849 0.026502 0.040822
0 0.366817 0.369695 0.014576 0.025887
0 0.366817 0.427941 0.031803 0.040822
0 0.336339 0.444369 0.025177 0.045800
0 0.318450 0.501121 0.041079 0.087617
0 0.319444 0.437897 0.023190 0.038830
0 0.262102 0.530492 0.047042 0.084630
0 0.171663 0.520038 0.047704 0.089608
0 0.226595 0.489671 0.035778 0.058743
0 0.271649 0.459304 0.021202 0.039826
0 0.286225 0.454823 0.011926 0.034848
0 0.243822 0.447854 0.015901 0.038830
0 0.203586 0.462788 0.019877 0.044804
0 0.185366 0.463286 0.017889 0.039826
0 0.143293 0.495147 0.025177 0.053765
0 0.111491 0.499129 0.025177 0.049782
0 0.073393 0.489671 0.025840 0.042813
0 0.076044 0.574799 0.045717 0.097574
0 0.010691 0.556877 0.021382 0.109521