0 0.164454 0.528833 0.131268 0.190742
0 0.221239 0.485583 0.073746 0.166345
0 0.430678 0.402411 0.085546 0.155255
0 0.527286 0.268226 0.057522 0.153037
0 0.410029 0.298168 0.064897 0.124204
0 0.407817 0.214995 0.051622 0.059884
0 0.407817 0.163983 0.028024 0.051012
0 0.462389 0.181726 0.039823 0.051012
0 0.453540 0.136259 0.033923 0.044359
0 0.907080 0.659691 0.165192 0.261716
0 0.575959 0.731774 0.104720 0.224011
0 0.711652 0.579846 0.110619 0.150820
0 0.671091 0.380232 0.085546 0.159691
0 0.554103 0.145108 0.031510 0.051416
0 0.576227 0.141580 0.027487 0.036293
0 0.611089 0.173841 0.023465 0.042342
0 0.513878 0.179386 0.028828 0.039318