0 0.074975 0.383358 0.043019 0.058997
0 0.102938 0.364676 0.032571 0.066863
0 0.160091 0.332719 0.026426 0.059980
0 0.235066 0.339110 0.031342 0.060964
0 0.362279 0.316495 0.030113 0.062930
0 0.419125 0.308628 0.033186 0.049164
0 0.460914 0.296337 0.027040 0.054081
0 0.518990 0.309120 0.028884 0.052114
0 0.588741 0.317478 0.031957 0.058997
0 0.755900 0.335669 0.033186 0.056047
0 0.820428 0.357793 0.038102 0.058997
0 0.884956 0.382375 0.027040 0.062930
0 0.971915 0.403515 0.037488 0.054081
0 0.964233 0.389258 0.030728 0.064897
0 0.986111 0.434489 0.027778 0.086529
0 0.667711 0.767330 0.114921 0.174041
0 0.446780 0.906035 0.111849 0.187930
0 0.163778 0.902593 0.162856 0.194813