0 0.088333 0.528571 0.040476 0.116667
0 0.184167 0.539286 0.041667 0.090476
0 0.277619 0.520238 0.045238 0.095238
0 0.362738 0.548810 0.044048 0.114286
0 0.453214 0.532143 0.036905 0.090476
0 0.541310 0.520238 0.041667 0.085714
0 0.639524 0.507143 0.030952 0.088095
0 0.730000 0.516667 0.035714 0.102381
0 0.818095 0.535714 0.045238 0.097619
0 0.912738 0.536905 0.036905 0.090476
0 0.880595 0.377381 0.046429 0.095238
0 0.798452 0.340476 0.041667 0.097619
0 0.724048 0.353571 0.040476 0.085714
0 0.647262 0.388095 0.039286 0.097619
0 0.550833 0.369048 0.034524 0.092857
0 0.478214 0.411905 0.039286 0.088095
0 0.402024 0.369048 0.041667 0.092857
0 0.312738 0.391667 0.046429 0.085714
0 0.218095 0.394048 0.040476 0.100000
0 0.082381 0.352381 0.045238 0.102381
0 0.164524 0.253571 0.042857 0.085714
0 0.225833 0.245238 0.039286 0.083333
0 0.318690 0.244048 0.029762 0.095238
0 0.365714 0.238095 0.030952 0.092857
0 0.427024 0.220238 0.036905 0.085714
0 0.491905 0.234524 0.030952 0.080952
0 0.555000 0.222619 0.033333 0.100000
0 0.625833 0.240476 0.034524 0.078571
0 0.694881 0.233333 0.027381 0.088095
0 0.730595 0.161905 0.034524 0.083333
0 0.800238 0.115476 0.040476 0.080952
0 0.585357 0.108333 0.036905 0.095238
0 0.507976 0.135714 0.039286 0.092857
0 0.429405 0.117857 0.036905 0.100000
0 0.325833 0.107143 0.044048 0.092857
0 0.265714 0.119048 0.038095 0.083333
0 0.212738 0.113095 0.041667 0.100000