0 0.019231 0.273371 0.035256 0.119125
0 0.069712 0.280635 0.052885 0.116220
0 0.145833 0.284993 0.038462 0.095881
0 0.212340 0.292257 0.056090 0.122031
0 0.204327 0.231241 0.036859 0.075543
0 0.310897 0.254485 0.041667 0.116220
0 0.364583 0.264655 0.027244 0.107503
0 0.355769 0.190564 0.028846 0.081354
0 0.474359 0.238505 0.038462 0.107503
0 0.403846 0.299521 0.070513 0.171424
0 0.542468 0.318406 0.062500 0.151086
0 0.614583 0.287899 0.049679 0.095881
0 0.694712 0.264655 0.040064 0.090070
0 0.786058 0.255938 0.056090 0.095881
0 0.923878 0.408477 0.123397 0.255684
0 0.988782 0.225430 0.022436 0.127842
0 0.741186 0.375064 0.081731 0.200479
0 0.632212 0.492736 0.142628 0.331227
0 0.510417 0.546488 0.113782 0.299266
0 0.232372 0.492736 0.112179 0.249873
0 0.147436 0.494189 0.086538 0.235345