0 0.749389 0.315639 0.033578 0.062773
0 0.554411 0.474418 0.051129 0.099699
0 0.682616 0.465187 0.049603 0.098468
0 0.763889 0.523037 0.070208 0.128008
0 0.844017 0.473803 0.067155 0.105853
0 0.875534 0.520299 0.084402 0.130962
0 0.969551 0.483251 0.060897 0.112007
0 0.816239 0.734836 0.153846 0.253309
0 0.570513 0.577164 0.066239 0.134409
0 0.434829 0.490143 0.040598 0.080990
0 0.387821 0.491867 0.036325 0.077543
0 0.338675 0.459126 0.047009 0.070651
0 0.280983 0.426385 0.040598 0.070651
0 0.268065 0.463428 0.040793 0.050521
0 0.287733 0.536272 0.069930 0.116315
0 0.361670 0.630264 0.104167 0.179760
0 0.222902 0.450504 0.037879 0.045821
0 0.228001 0.502199 0.042249 0.071669
0 0.174461 0.500437 0.042978 0.068144
0 0.094333 0.543908 0.064831 0.098692
0 0.054997 0.512186 0.040064 0.065794
0 0.025271 0.535726 0.050542 0.117309