0 0.063690 0.362929 0.044248 0.053456
0 0.115983 0.401256 0.020113 0.033284
0 0.165594 0.377050 0.028158 0.065559
0 0.201126 0.377554 0.037544 0.074636
0 0.278225 0.351835 0.058997 0.091782
0 0.323478 0.372511 0.027487 0.066567
0 0.376777 0.379571 0.022794 0.048413
0 0.438455 0.381084 0.025476 0.077662
0 0.479686 0.385118 0.019442 0.045387
0 0.402588 0.392683 0.011397 0.034292
0 0.540024 0.358895 0.047600 0.099851
0 0.606396 0.372511 0.034191 0.086739
0 0.639582 0.388144 0.026817 0.081696
0 0.700255 0.398230 0.046259 0.067576
0 0.756570 0.420419 0.028828 0.045387