0 0.508013 0.095132 0.035256 0.063125
0 0.646635 0.116899 0.046474 0.071831
0 0.735577 0.200702 0.054487 0.082715
0 0.879006 0.273622 0.049679 0.080538
0 0.988782 0.181112 0.022436 0.078362
0 0.971154 0.299743 0.057692 0.084892
0 0.917468 0.705699 0.088141 0.121896
0 0.928686 0.920328 0.104167 0.159344
0 0.726763 0.930123 0.088141 0.139754
0 0.731571 0.713318 0.072115 0.124073
0 0.513622 0.644751 0.084936 0.143663
0 0.353365 0.779707 0.078526 0.134956
0 0.177885 0.649105 0.092949 0.130603
0 0.119391 0.395518 0.068910 0.093599
0 0.040865 0.471703 0.078526 0.111012
0 0.173878 0.307361 0.059295 0.078362
0 0.185897 0.202879 0.051282 0.074008
0 0.237179 0.087513 0.041667 0.074008
0 0.048077 0.121252 0.051282 0.063125
0 0.081731 0.295389 0.060897 0.080538
0 0.112981 0.227911 0.052885 0.071831
0 0.488782 0.176758 0.048077 0.078362
0 0.554487 0.331305 0.060897 0.082715