0 0.184571 0.435824 0.034262 0.053050
0 0.276028 0.529030 0.034814 0.050840
0 0.312224 0.543030 0.037577 0.043472
0 0.253924 0.619290 0.060234 0.079576
0 0.321894 0.614132 0.071286 0.100206
0 0.401746 0.519083 0.048630 0.051577
0 0.385168 0.575818 0.044209 0.067787
0 0.526636 0.527188 0.044209 0.048630
0 0.578305 0.545609 0.033709 0.044209
0 0.591844 0.507663 0.028736 0.034630
0 0.630250 0.524978 0.040340 0.048630
0 0.678879 0.574344 0.060234 0.091365
0 0.563660 0.584660 0.049735 0.072207
0 0.587975 0.705497 0.091733 0.134100
0 0.776138 0.615974 0.077918 0.102417
0 0.759284 0.540451 0.047524 0.060419
0 0.813439 0.504716 0.030946 0.041998
0 0.823386 0.547082 0.046419 0.064839
0 0.838307 0.495505 0.030946 0.039788
0 0.853504 0.544872 0.030393 0.047156
0 0.896054 0.496242 0.029288 0.038314
0 0.963473 0.499190 0.031499 0.051577
0 0.985577 0.496979 0.020447 0.036841
0 0.957670 0.576555 0.077365 0.092838