0 0.058997 0.370206 0.067847 0.074730
0 0.808997 0.612094 0.146018 0.180924
0 0.602507 0.647493 0.107670 0.173058
0 0.244838 0.622911 0.106195 0.135693
0 0.179204 0.580629 0.075221 0.117994
0 0.346943 0.496335 0.061008 0.096541
0 0.439796 0.403817 0.067042 0.097435
0 0.488737 0.355547 0.029499 0.042013
0 0.482033 0.409180 0.026817 0.054528
0 0.520582 0.361357 0.036873 0.069724
0 0.542371 0.360463 0.028158 0.050058
0 0.601368 0.367614 0.030839 0.048270
0 0.644610 0.369849 0.024806 0.042013
0 0.674779 0.347502 0.034191 0.070618
0 0.696903 0.364933 0.012738 0.051846
0 0.583602 0.490525 0.050282 0.095647
0 0.738804 0.532091 0.061679 0.092965
0 0.720032 0.351524 0.037544 0.035756
0 0.742156 0.366720 0.030839 0.048270
0 0.190400 0.355994 0.053634 0.069724
0 0.228949 0.376553 0.026146 0.041119
0 0.244368 0.422589 0.036873 0.052740
0 0.139112 0.357781 0.026146 0.048270
0 0.163248 0.354653 0.019442 0.043801