0 0.157866 0.282098 0.077155 0.115732
0 0.298915 0.271248 0.050633 0.094033
0 0.439361 0.330922 0.119349 0.209765
0 0.494816 0.232369 0.059072 0.081374
0 0.554491 0.183544 0.048222 0.088608
0 0.621398 0.187161 0.030139 0.048825
0 0.638879 0.394213 0.137432 0.253165
0 0.792586 0.275769 0.119349 0.211573
0 0.176552 0.864376 0.309825 0.264014
0 0.664798 0.237794 0.030139 0.052441
0 0.714225 0.173599 0.027728 0.050633
0 0.864316 0.150090 0.024111 0.057866
0 0.966787 0.283002 0.033755 0.084991
0 0.969198 0.198915 0.045811 0.068716
0 0.883605 0.150090 0.024111 0.054250