0 0.196394 0.412297 0.126352 0.224231
0 0.131413 0.253165 0.075811 0.104882
0 0.242121 0.207052 0.049337 0.106691
0 0.301687 0.226040 0.045727 0.104882
0 0.378100 0.233273 0.058964 0.130199
0 0.439471 0.198915 0.037304 0.075949
0 0.486402 0.367993 0.054151 0.164557
0 0.564018 0.244123 0.045727 0.122966
0 0.501444 0.207052 0.038507 0.077758
0 0.587484 0.230561 0.027677 0.077758
0 0.601322 0.181736 0.028880 0.074141
0 0.718649 0.300181 0.068591 0.137432
0 0.714438 0.173599 0.052948 0.090416
0 0.810706 0.227848 0.043321 0.104882
0 0.857637 0.276673 0.067388 0.155515
0 0.976351 0.242315 0.047298 0.148282