0 0.156250 0.665598 0.062500 0.081197
0 0.018429 0.706197 0.036858 0.081197
0 0.277244 0.615385 0.054487 0.061966
0 0.376603 0.628205 0.038462 0.053419
0 0.452724 0.678419 0.065705 0.085470
0 0.315705 0.688034 0.057692 0.061966
0 0.126603 0.728632 0.073718 0.066239
0 0.096955 0.815171 0.094551 0.136752
0 0.286058 0.735043 0.081731 0.091880
0 0.399840 0.809829 0.088141 0.160256
0 0.521635 0.750000 0.091346 0.134615
0 0.522436 0.664530 0.041667 0.057692
0 0.556090 0.641026 0.044872 0.044872
0 0.570513 0.689103 0.041667 0.055556
0 0.661859 0.719017 0.060897 0.132479
0 0.607372 0.857906 0.131410 0.175214
0 0.754808 0.920406 0.125000 0.159188
0 0.945513 0.804487 0.108974 0.076923
0 0.959936 0.708333 0.060897 0.081197
0 0.933494 0.636752 0.040064 0.057692
0 0.866987 0.669872 0.057692 0.072650
0 0.916667 0.690171 0.048077 0.083333
0 0.795673 0.674145 0.046474 0.064103
0 0.743590 0.638889 0.051282 0.074786
0 0.876603 0.506410 0.028846 0.049145