0 0.980506 0.465096 0.038988 0.059659
0 0.959686 0.531715 0.055655 0.101420
0 0.989501 0.529726 0.018552 0.089488
0 0.867591 0.463107 0.037103 0.055681
0 0.843076 0.491942 0.043729 0.065625
0 0.881836 0.552098 0.057643 0.088494
0 0.938484 0.674398 0.100709 0.154118
0 0.847051 0.698759 0.124561 0.206817
0 0.817899 0.560052 0.068906 0.084516
0 0.800341 0.498902 0.035116 0.051704
0 0.784771 0.479016 0.029153 0.045738
0 0.742397 0.476530 0.035116 0.060653
0 0.709209 0.458136 0.025840 0.033807
0 0.704902 0.508845 0.047704 0.081533
0 0.670058 0.460621 0.024515 0.056676
0 0.638104 0.453661 0.022527 0.036789
0 0.647049 0.489953 0.036441 0.035795
0 0.634792 0.539669 0.051680 0.057670
0 0.642080 0.602808 0.070231 0.098437
0 0.586214 0.494428 0.035116 0.070596
0 0.618017 0.472056 0.023190 0.061647
0 0.590189 0.447695 0.020539 0.028835
0 0.541672 0.455650 0.031803 0.042755
0 0.560886 0.479016 0.021202 0.045738
0 0.540528 0.583916 0.041079 0.138209
0 0.491498 0.514314 0.039754 0.064630
0 0.499780 0.463604 0.023190 0.028835
0 0.455419 0.540166 0.046379 0.098437
0 0.423465 0.506857 0.025840 0.071590
0 0.451955 0.467084 0.028490 0.047727
0 0.406420 0.469073 0.021864 0.057670
0 0.382567 0.485479 0.031140 0.048721
0 0.316010 0.398974 0.021864 0.036789
0 0.340194 0.511331 0.039754 0.070596
0 0.312156 0.460621 0.020539 0.026846
0 0.344952 0.464599 0.021202 0.028835
0 0.309174 0.496417 0.037103 0.046733
0 0.281678 0.475039 0.033790 0.041761
0 0.244514 0.499399 0.032465 0.054687
0 0.221325 0.494925 0.028490 0.055681
0 0.223072 0.464599 0.024515 0.024858
0 0.214673 0.848148 0.153864 0.303704
0 0.144201 0.657518 0.092788 0.119860
0 0.130107 0.578199 0.055203 0.070506
0 0.110828 0.546900 0.054330 0.059659
0 0.122092 0.509117 0.039754 0.043750
0 0.089295 0.500168 0.049692 0.051704
0 0.035296 0.578718 0.055655 0.099431
0 0.016745 0.497682 0.033128 0.042755