0 0.822430 0.853310 0.000000 0.002279
0 0.934466 0.599591 0.092190 0.172046
0 0.986439 0.457168 0.027121 0.083175
0 0.991765 0.392224 0.014725 0.055830
0 0.970638 0.352915 0.017286 0.056969
0 0.950151 0.409884 0.026248 0.054690
0 0.949831 0.367157 0.021767 0.042157
0 0.927424 0.349497 0.025608 0.043296
0 0.883890 0.348358 0.020487 0.036460
0 0.878128 0.371715 0.028169 0.039878
0 0.849639 0.355194 0.023688 0.036460
0 0.882610 0.430393 0.021767 0.052411
0 0.897334 0.499895 0.047375 0.088872
0 0.831713 0.423557 0.028809 0.059248
0 0.802264 0.381969 0.018566 0.042157
0 0.794902 0.342091 0.014085 0.028484
0 0.776976 0.392224 0.021767 0.044436
0 0.760651 0.311431 0.019846 0.035321
0 0.656127 0.714606 0.145744 0.288808
0 0.744308 0.570747 0.078383 0.134050
0 0.645855 0.465231 0.037355 0.103535
0 0.683210 0.446159 0.037355 0.067570
0 0.692089 0.406380 0.023270 0.040324
0 0.698825 0.385128 0.019596 0.028336
0 0.745978 0.410194 0.019596 0.041414
0 0.765574 0.443434 0.039192 0.079558
0 0.727607 0.406925 0.018371 0.047953
0 0.714747 0.376409 0.014697 0.037055
0 0.718115 0.344259 0.012860 0.031605
0 0.695457 0.357882 0.023882 0.032695
0 0.663920 0.366056 0.031843 0.038144
0 0.647080 0.394391 0.026332 0.049043
0 0.626260 0.369325 0.017759 0.031605
0 0.629321 0.423272 0.030006 0.054492
0 0.583394 0.439075 0.038579 0.086097
0 0.597172 0.388397 0.023270 0.037055
0 0.561348 0.385673 0.017759 0.035965
0 0.489089 0.470680 0.044703 0.112254
0 0.496131 0.391122 0.026944 0.055582
0 0.457273 0.429266 0.030618 0.081738
0 0.355314 0.315923 0.037355 0.062121
0 0.372766 0.446704 0.026944 0.059941
0 0.397873 0.433081 0.023270 0.045773
0 0.412570 0.464686 0.041641 0.082828
0 0.332350 0.473405 0.042866 0.085008
0 0.404331 0.649414 0.151868 0.234316
0 0.226744 0.533891 0.058788 0.107894
0 0.167650 0.488118 0.058175 0.114433
0 0.120192 0.495747 0.041641 0.118793
0 0.253076 0.448883 0.036742 0.077379
0 0.236848 0.412919 0.018983 0.035965
0 0.294411 0.433081 0.036130 0.082828
0 0.175305 0.415643 0.028169 0.052312
0 0.211128 0.442344 0.030006 0.075199
0 0.118354 0.398206 0.034293 0.061031
0 0.082531 0.465231 0.050827 0.094816
0 0.048544 0.456512 0.019596 0.075199
0 0.020375 0.427087 0.030618 0.077379