0 0.733544 0.659132 0.054250 0.099458
0 0.627758 0.605787 0.048825 0.065099
0 0.483996 0.648282 0.078662 0.121157
0 0.829837 0.498192 0.040687 0.056058
0 0.914602 0.500904 0.042043 0.043400
0 0.886799 0.632911 0.046112 0.068716
0 0.897649 0.583183 0.040687 0.045208
0 0.789150 0.574141 0.024412 0.045208
0 0.713201 0.579566 0.024412 0.041591
0 0.575542 0.602170 0.031193 0.043400
0 0.553843 0.596745 0.020344 0.043400
0 0.530787 0.557866 0.025769 0.030741
0 0.567405 0.556962 0.017631 0.028933
0 0.255470 0.622966 0.052893 0.066908
0 0.203933 0.631103 0.042043 0.047016
0 0.167315 0.621157 0.031193 0.048825
0 0.132731 0.610307 0.035262 0.063291
0 0.083228 0.592224 0.023056 0.045208
0 0.063562 0.584991 0.029837 0.048825
0 0.191049 0.575949 0.032550 0.041591
0 0.231736 0.573237 0.016275 0.039783
0 0.332776 0.594937 0.031193 0.057866
0 0.304295 0.590416 0.023056 0.052441
0 0.474503 0.561483 0.027125 0.030741