0 0.326696 0.270874 0.030973 0.055344
0 0.404867 0.260913 0.033923 0.048703
0 0.494863 0.273942 0.025430 0.059543
0 0.563269 0.267072 0.035093 0.050382
0 0.646679 0.263255 0.032042 0.054963
0 0.721442 0.261346 0.028990 0.048092
0 0.076696 0.575268 0.147493 0.296646
0 0.146018 0.524352 0.082596 0.199240
0 0.040560 0.413663 0.078171 0.066413
0 0.144543 0.431373 0.061947 0.092978
0 0.197640 0.402594 0.058997 0.119544
0 0.261062 0.408128 0.064897 0.157178
0 0.317847 0.434694 0.063422 0.130613
0 0.377581 0.408128 0.058997 0.090765
0 0.331858 0.393739 0.044248 0.106261
0 0.516962 0.726912 0.128319 0.325425
0 0.914454 0.601834 0.171091 0.292218
0 0.740413 0.517710 0.109145 0.154964
0 0.449853 0.559772 0.109145 0.154964
0 0.515487 0.483397 0.081121 0.117330
0 0.562684 0.420304 0.051622 0.106261
0 0.641593 0.412556 0.044248 0.068627
0 0.676991 0.440228 0.041298 0.115116
0 0.773599 0.380456 0.042773 0.084123