0 0.974130 0.537176 0.050631 0.052018
0 0.937717 0.520530 0.030517 0.043695
0 0.907199 0.525038 0.033292 0.049938
0 0.871827 0.518449 0.040227 0.043695
0 0.849632 0.525732 0.015259 0.044389
0 0.827438 0.526772 0.030517 0.052018
0 0.806631 0.531974 0.022194 0.045776
0 0.785476 0.537523 0.018727 0.036066
0 0.781662 0.507005 0.034679 0.031905
0 0.760854 0.534055 0.036066 0.052712
0 0.871480 0.637398 0.045083 0.044389
0 0.779928 0.627341 0.043695 0.050631
0 0.702594 0.632889 0.048550 0.042308
0 0.689416 0.535442 0.030517 0.045776
0 0.721321 0.527466 0.029130 0.038147
0 0.689069 0.504231 0.025662 0.023582
0 0.669996 0.499029 0.030517 0.039534
0 0.656124 0.519836 0.030517 0.043695
0 0.633236 0.545152 0.031905 0.040227
0 0.627341 0.628381 0.043695 0.051325
0 0.612776 0.517409 0.029824 0.041615
0 0.591275 0.496255 0.021501 0.028437
0 0.565266 0.504231 0.023582 0.037453
0 0.588154 0.523998 0.031905 0.045083
0 0.555556 0.527812 0.031905 0.041615
0 0.524345 0.534748 0.036066 0.041615
0 0.519836 0.502150 0.029824 0.034679
0 0.499723 0.497642 0.010404 0.033985
0 0.493827 0.534748 0.027743 0.038840
0 0.480649 0.498335 0.029130 0.035372
0 0.462269 0.537523 0.025662 0.041615
0 0.453600 0.505271 0.023582 0.033985
0 0.427244 0.493480 0.029130 0.029824
0 0.404702 0.505965 0.024275 0.032598
0 0.384242 0.511860 0.020807 0.027743
0 0.434526 0.531627 0.043695 0.042308
0 0.401928 0.544112 0.039534 0.038147
0 0.355805 0.497642 0.027743 0.036760
0 0.361701 0.536135 0.029824 0.043002
0 0.331183 0.540644 0.042308 0.038147
0 0.329796 0.507352 0.029824 0.029824
0 0.299972 0.501803 0.035372 0.022888
0 0.299625 0.527119 0.033292 0.043002
0 0.271536 0.515675 0.025662 0.039534
0 0.242752 0.484811 0.036066 0.044389
0 0.239631 0.521917 0.025662 0.022888
0 0.254196 0.539603 0.042308 0.041615
0 0.205299 0.533708 0.026356 0.036760
0 0.189000 0.550701 0.024275 0.036066
0 0.210501 0.505618 0.038147 0.037453
0 0.173394 0.517756 0.029130 0.029824
0 0.147038 0.518102 0.041615 0.051325
0 0.141490 0.510820 0.000000 0.000694
0 0.129005 0.491053 0.030517 0.040227
0 0.097794 0.524691 0.034679 0.050631
0 0.062422 0.501457 0.043002 0.044389
0 0.030517 0.520530 0.044389 0.056180