0 0.084808 0.419607 0.160767 0.184607
0 0.095133 0.286610 0.084071 0.109176
0 0.092183 0.181404 0.057522 0.061536
0 0.169617 0.178427 0.047198 0.087341
0 0.220501 0.174456 0.060472 0.083371
0 0.303835 0.188352 0.038348 0.063521
0 0.325959 0.154606 0.032448 0.055581
0 0.376844 0.106966 0.042773 0.063521
0 0.373156 0.235992 0.050147 0.107191
0 0.393068 0.340206 0.087021 0.152847
0 0.453540 0.217134 0.051622 0.073446
0 0.573746 0.238090 0.079646 0.125056
0 0.634956 0.233624 0.073746 0.086348
0 0.482301 0.168118 0.039823 0.050618
0 0.539086 0.170103 0.029499 0.042678
0 0.661873 0.170599 0.039086 0.065506
0 0.714233 0.167622 0.034661 0.061536
0 0.761431 0.202856 0.047935 0.054588
0 0.759956 0.156208 0.033186 0.046648
0 0.798673 0.171095 0.042773 0.066498
0 0.924041 0.259925 0.085546 0.109176
0 0.838864 0.300122 0.084808 0.128034
0 0.698009 0.568596 0.216077 0.309663
0 0.575221 0.157054 0.031957 0.044663