0 0.010324 0.260883 0.020648 0.093859
0 0.084071 0.266470 0.061947 0.082685
0 0.079646 0.313399 0.085546 0.100563
0 0.014749 0.444132 0.029498 0.151962
0 0.054572 0.467596 0.079646 0.131849
0 0.132006 0.887436 0.163717 0.225127
0 0.103982 0.681014 0.101770 0.196657
0 0.039823 0.596094 0.079646 0.165371
0 0.328909 0.594976 0.082596 0.181014
0 0.410767 0.399437 0.075221 0.151962
0 0.381268 0.296639 0.066372 0.084920
0 0.236726 0.306695 0.066372 0.105033
0 0.578171 0.318986 0.067847 0.134084
0 0.617994 0.241888 0.044248 0.091624
0 0.511062 0.470948 0.084071 0.129615
0 0.478614 0.651962 0.116519 0.196657
0 0.555310 0.817333 0.148968 0.308394
0 0.752950 0.702244 0.113569 0.198892
0 0.657080 0.573746 0.092920 0.156432
0 0.722714 0.443014 0.082596 0.167605
0 0.872419 0.561455 0.122419 0.203361
0 0.936578 0.465362 0.100295 0.127380
0 0.963127 0.329043 0.073746 0.131849
0 0.870944 0.377089 0.087021 0.156432
0 0.799410 0.329043 0.061947 0.127380
0 0.754425 0.256414 0.042773 0.098328
0 0.679204 0.266470 0.045723 0.122911
0 0.710914 0.230714 0.029499 0.100563
0 0.789823 0.193841 0.060472 0.089389
0 0.836283 0.168142 0.044248 0.105033
0 0.971976 0.184902 0.056047 0.098328