0 0.527286 0.037856 0.057522 0.063367
0 0.345870 0.625642 0.196165 0.238173
0 0.499263 0.546979 0.146018 0.185731
0 0.649705 0.457391 0.122419 0.176991
0 0.533923 0.339397 0.115044 0.111439
0 0.414454 0.247624 0.076696 0.111439
0 0.387906 0.356878 0.082596 0.111439
0 0.268437 0.419152 0.103245 0.117994
0 0.045723 0.455206 0.091445 0.155140
0 0.114307 0.367803 0.092920 0.107069
0 0.146018 0.271660 0.082596 0.080848
0 0.244838 0.315361 0.061947 0.072108
0 0.098083 0.249809 0.057522 0.080848
0 0.020649 0.236698 0.041298 0.054627
0 0.055310 0.182071 0.066372 0.058997
0 0.257375 0.139462 0.036873 0.083033
0 0.306047 0.163498 0.048673 0.052442
0 0.314159 0.198460 0.064897 0.052442
0 0.472714 0.208292 0.078171 0.054627
0 0.719027 0.273828 0.066372 0.095807
0 0.833617 0.251557 0.062968 0.064712
0 0.901407 0.211217 0.070343 0.089924
0 0.862832 0.158691 0.045382 0.067233
0 0.770082 0.142303 0.057295 0.061350
0 0.736045 0.169617 0.051622 0.047063
0 0.748525 0.216259 0.053892 0.042861
0 0.692081 0.237690 0.058997 0.065552
0 0.636204 0.176760 0.051622 0.103371
0 0.610676 0.173819 0.044815 0.072276
0 0.550261 0.207435 0.053324 0.058829
0 0.523882 0.152808 0.047084 0.042021
0 0.551396 0.120873 0.026095 0.052106
0 0.669106 0.146085 0.024393 0.028574
0 0.373837 0.153649 0.041979 0.050425