0 0.453954 0.405868 0.039003 0.098130
0 0.160347 0.570380 0.041170 0.065420
0 0.201517 0.664661 0.060672 0.115447
0 0.213434 0.832059 0.073673 0.153929
0 0.385595 0.915089 0.100000 0.169822
0 0.394011 0.580213 0.046948 0.072261
0 0.436264 0.611480 0.035994 0.062534
0 0.492993 0.630240 0.044601 0.086158
0 0.544637 0.554505 0.036776 0.056975
0 0.607626 0.576044 0.043818 0.080599
0 0.662399 0.524628 0.032864 0.058365
0 0.691137 0.596889 0.045383 0.091716
0 0.749431 0.567707 0.046166 0.069482
0 0.799509 0.544778 0.036776 0.056975
0 0.631278 0.756697 0.068075 0.144522
0 0.869932 0.655254 0.053991 0.091716
0 0.880495 0.594110 0.050078 0.075040
0 0.888711 0.813672 0.091549 0.169536
0 0.910620 0.580845 0.030516 0.033351