0 0.070373 0.690527 0.050167 0.080736
0 0.166179 0.501154 0.041109 0.070050
0 0.257107 0.359273 0.039019 0.071237
0 0.231675 0.206112 0.035535 0.061739
0 0.345596 0.193645 0.022297 0.039181
0 0.435479 0.216798 0.022297 0.047492
0 0.367545 0.365803 0.042503 0.062926
0 0.530588 0.121221 0.024387 0.043930
0 0.594691 0.179992 0.021600 0.042742
0 0.641374 0.247667 0.028567 0.056990
0 0.591207 0.400234 0.032748 0.058177
0 0.491918 0.504716 0.029264 0.058177
0 0.323648 0.542115 0.036929 0.068863
0 0.222617 0.707742 0.050864 0.093796
0 0.573439 0.708336 0.041806 0.071237
0 0.772366 0.777793 0.048077 0.105669
0 0.697115 0.577734 0.034142 0.064114
0 0.727076 0.496405 0.028567 0.060552
0 0.781424 0.396672 0.028567 0.065301
0 0.769928 0.323060 0.026477 0.051054
0 0.769231 0.251229 0.026477 0.054615
0 0.722896 0.219766 0.025780 0.046304