0 0.426282 0.653846 0.083333 0.146635
0 0.299679 0.508413 0.057692 0.081731
0 0.198718 0.389860 0.048077 0.056163
0 0.203963 0.341455 0.033508 0.043706
0 0.298660 0.381337 0.033508 0.068837
0 0.311043 0.309768 0.023310 0.045892
0 0.344187 0.339270 0.024038 0.067745
0 0.363855 0.454545 0.048805 0.066652
0 0.524476 0.402644 0.050991 0.076486
0 0.450539 0.379152 0.047348 0.079764
0 0.430871 0.308129 0.037150 0.057911
0 0.423223 0.262238 0.029138 0.040428
0 0.506629 0.244755 0.044435 0.068837
0 0.649038 0.241477 0.037879 0.066652
0 0.770323 0.379152 0.077943 0.136582
0 0.898529 0.331622 0.054633 0.124563