0 0.409762 0.189947 0.019048 0.059259
0 0.347857 0.322222 0.023810 0.057143
0 0.310952 0.326455 0.042857 0.065608
0 0.240714 0.386772 0.052381 0.093122
0 0.221071 0.307407 0.027381 0.052910
0 0.191905 0.348677 0.035714 0.050794
0 0.139524 0.373016 0.035714 0.057143
0 0.119286 0.344444 0.030952 0.059259
0 0.063929 0.368783 0.027381 0.069841
0 0.022143 0.438624 0.044286 0.078307
0 0.045357 0.574074 0.090714 0.192593
0 0.202619 0.459788 0.045238 0.078307
0 0.459167 0.658730 0.136905 0.209524
0 0.482381 0.467196 0.088095 0.126984
0 0.480000 0.374074 0.057143 0.101587
0 0.472262 0.306349 0.041667 0.050794
0 0.603810 0.294709 0.026190 0.044444
0 0.628810 0.291534 0.023810 0.063492
0 0.658571 0.329630 0.047619 0.071958
0 0.719286 0.365608 0.069048 0.088889
0 0.769881 0.308466 0.044048 0.046561
0 0.724643 0.300000 0.032143 0.046561
0 0.848452 0.317989 0.046429 0.061376
0 0.868095 0.454497 0.078571 0.088889
0 0.982857 0.352910 0.034286 0.110053