0 0.329488 0.353982 0.020544 0.039507
0 0.457491 0.550727 0.026865 0.055310
0 0.517014 0.586678 0.040560 0.073483
0 0.506743 0.537295 0.029499 0.039507
0 0.595501 0.536109 0.031079 0.056100
0 0.656869 0.556258 0.037927 0.060051
0 0.624737 0.643173 0.063211 0.083755
0 0.764064 0.521887 0.045828 0.065582
0 0.756953 0.573641 0.044248 0.077434
0 0.740887 0.384798 0.018437 0.026865
0 0.701380 0.681495 0.074273 0.125632
0 0.927360 0.560209 0.054256 0.069532
0 0.916825 0.756163 0.115360 0.186473
0 0.950801 0.367415 0.021070 0.033186
0 0.294722 0.904551 0.124842 0.190898
0 0.280499 0.730484 0.080594 0.138274
0 0.263116 0.592209 0.055310 0.094027
0 0.074010 0.554283 0.035293 0.026075
0 0.070322 0.587468 0.058470 0.045038