0 0.170628 0.468329 0.042283 0.067643
0 0.248147 0.514834 0.056378 0.103156
0 0.125408 0.608689 0.092788 0.121758
0 0.085474 0.505533 0.055203 0.067643
0 0.060222 0.458183 0.058727 0.060879
0 0.397794 0.448036 0.038760 0.057497
0 0.339654 0.581632 0.072821 0.104847
0 0.295022 0.681406 0.105708 0.152198
0 0.480492 0.644202 0.108057 0.152198
0 0.432496 0.485240 0.041109 0.071026
0 0.473018 0.451418 0.039934 0.057497
0 0.547334 0.463256 0.046981 0.054115
0 0.525605 0.514834 0.059901 0.076099
0 0.678348 0.421824 0.025840 0.049041
0 0.706537 0.466638 0.044632 0.071026
0 0.758697 0.446345 0.059901 0.057497
0 0.813206 0.466638 0.054029 0.064261
0 0.893555 0.460719 0.064599 0.059188
0 0.977609 0.496232 0.044782 0.076099
0 0.977022 0.586705 0.045956 0.108230
0 0.833654 0.612072 0.102185 0.118376
0 0.752023 0.532591 0.049331 0.084554
0 0.628003 0.544428 0.078694 0.101465