0 0.026429 0.417887 0.023810 0.067273
0 0.091310 0.419865 0.044048 0.063316
0 0.168095 0.416898 0.050000 0.061338
0 0.118690 0.496043 0.058333 0.085081
0 0.215119 0.614761 0.063095 0.124654
0 0.022857 0.507915 0.021429 0.081124
0 0.284167 0.444598 0.039286 0.049466
0 0.290119 0.407994 0.032143 0.039573
0 0.344286 0.514840 0.054762 0.091017
0 0.394286 0.429759 0.033333 0.047487
0 0.482381 0.473288 0.045238 0.071231
0 0.521071 0.529679 0.053571 0.100910
0 0.396071 0.605857 0.079762 0.130590
0 0.616905 0.488128 0.042857 0.085081
0 0.647857 0.432727 0.040476 0.069252
0 0.691905 0.257618 0.050000 0.083102
0 0.887738 0.467353 0.058333 0.098932
0 0.865119 0.562327 0.070238 0.114761
0 0.969286 0.708746 0.052381 0.150376
0 0.879405 0.521765 0.063095 0.092996