0 0.024825 0.386980 0.040636 0.061483
0 0.053271 0.457505 0.073145 0.130199
0 0.123030 0.379747 0.047409 0.068716
0 0.186694 0.358951 0.036573 0.070524
0 0.250357 0.377034 0.031155 0.056058
0 0.186694 0.478300 0.069082 0.103074
0 0.351271 0.547920 0.094818 0.137432
0 0.282866 0.419530 0.050118 0.083183
0 0.408839 0.438517 0.055536 0.088608
0 0.280157 0.356239 0.041991 0.057866
0 0.346530 0.360759 0.036573 0.059675
0 0.381748 0.342676 0.031155 0.045208
0 0.433221 0.347197 0.036573 0.057866
0 0.451507 0.315552 0.027091 0.059675
0 0.475212 0.341772 0.028445 0.050633
0 0.511107 0.408680 0.054182 0.072333
0 0.516525 0.320976 0.021673 0.041591
0 0.556485 0.327306 0.028445 0.036166
0 0.615407 0.358047 0.029800 0.057866
0 0.588316 0.463834 0.048764 0.103074
0 0.651980 0.547016 0.105655 0.164557
0 0.669589 0.347197 0.043345 0.054250
0 0.693971 0.323689 0.024382 0.050633
0 0.714966 0.316456 0.025736 0.050633
0 0.745444 0.340868 0.035218 0.056058
0 0.746798 0.418626 0.048764 0.081374
0 0.834844 0.474684 0.075855 0.121157
0 0.767794 0.320976 0.033864 0.045208
0 0.815880 0.340868 0.035218 0.052441
0 0.900539 0.415009 0.052827 0.095841
0 0.931016 0.376130 0.043345 0.083183
0 0.945239 0.337251 0.044700 0.052441
0 0.966235 0.320072 0.043345 0.047016
0 0.873448 0.330922 0.036573 0.065099
0 0.824007 0.368897 0.046055 0.054250