0 0.952347 0.516226 0.095306 0.169295
0 0.935021 0.276587 0.051017 0.075685
0 0.975106 0.294015 0.026502 0.048797
0 0.913819 0.205882 0.025840 0.039834
0 0.851298 0.354762 0.066918 0.104565
0 0.803955 0.564887 0.080170 0.114523
0 0.774802 0.483227 0.077519 0.122490
0 0.774471 0.391111 0.046379 0.077677
0 0.793685 0.295011 0.025177 0.046805
0 0.829132 0.241732 0.027165 0.047801
0 0.814887 0.132686 0.025177 0.038838
0 0.792691 0.163060 0.023190 0.035851
0 0.773808 0.111049 0.018552 0.034855
0 0.802961 0.244494 0.023852 0.050789
0 0.770496 0.228062 0.025177 0.043818
0 0.757907 0.209141 0.023852 0.039834
0 0.748571 0.328689 0.051680 0.094606
0 0.729357 0.188681 0.022527 0.037842
0 0.721075 0.133411 0.016564 0.032863
0 0.722490 0.440179 0.051680 0.127469
0 0.687887 0.422752 0.039091 0.100581
0 0.662709 0.514868 0.072219 0.117511
0 0.693518 0.344577 0.025177 0.047801
0 0.688218 0.299266 0.019877 0.042822
0 0.698488 0.265905 0.021864 0.045809
0 0.698156 0.225075 0.021202 0.037842
0 0.664366 0.130152 0.019877 0.034855
0 0.641176 0.221770 0.019877 0.042822
0 0.658734 0.263098 0.024515 0.045809
0 0.638707 0.352997 0.027827 0.061743
0 0.647320 0.436648 0.049029 0.085643
0 0.596725 0.312167 0.023852 0.051784
0 0.593653 0.400526 0.046379 0.091619
0 0.571126 0.359470 0.038428 0.090623
0 0.542967 0.462043 0.047042 0.102573
0 0.519115 0.411752 0.044391 0.105561
0 0.458822 0.451088 0.048367 0.100581
0 0.613379 0.168492 0.017889 0.029876
0 0.617686 0.141106 0.015901 0.028880
0 0.601122 0.236708 0.022527 0.056764
0 0.581907 0.224758 0.015901 0.038838
0 0.574950 0.182932 0.019214 0.034855
0 0.564681 0.136127 0.015901 0.032863
0 0.551098 0.249654 0.021864 0.040830
0 0.545316 0.313389 0.012589 0.032863
0 0.548629 0.368659 0.021864 0.049793
0 0.532396 0.340775 0.022527 0.035851
0 0.517157 0.328327 0.021202 0.042822
0 0.514838 0.272061 0.019214 0.037842
0 0.495955 0.219281 0.021202 0.037842
0 0.496287 0.271065 0.020539 0.043818
0 0.485776 0.306916 0.026502 0.031867
0 0.493064 0.358700 0.021202 0.061743
0 0.470868 0.344758 0.023190 0.055768
0 0.458280 0.297455 0.020539 0.034855
0 0.456292 0.270567 0.017889 0.030871
0 0.450992 0.246169 0.013914 0.019917
0 0.454636 0.215297 0.019877 0.033859
0 0.439367 0.359198 0.028490 0.062739
0 0.416509 0.285505 0.021202 0.042822
0 0.410546 0.223762 0.015901 0.032863
0 0.426447 0.178451 0.013251 0.027884
0 0.418014 0.386086 0.045054 0.112532
0 0.381574 0.402518 0.034453 0.065726
0 0.380279 0.315380 0.016564 0.038838
0 0.378954 0.230733 0.019214 0.034855
0 0.368021 0.229239 0.018552 0.033859
0 0.338869 0.216791 0.018552 0.036847
0 0.332243 0.256127 0.017227 0.047801
0 0.363383 0.310899 0.014576 0.035851
0 0.348145 0.296459 0.014576 0.042822
0 0.364377 0.492642 0.053667 0.110540
0 0.351126 0.403016 0.032465 0.074689
0 0.338206 0.353721 0.023852 0.023900
0 0.336218 0.323845 0.022527 0.041826
0 0.321311 0.279530 0.021864 0.032863
0 0.316010 0.485671 0.045717 0.114523
0 0.284539 0.466252 0.038428 0.091619
0 0.308722 0.378119 0.040416 0.080664
0 0.310379 0.320360 0.018552 0.036847
0 0.292490 0.249156 0.019877 0.031867
0 0.298784 0.219778 0.017889 0.032863
0 0.271649 0.349737 0.033128 0.063735
0 0.280262 0.311397 0.019877 0.030871
0 0.263036 0.293970 0.015901 0.031867
0 0.261379 0.262102 0.013914 0.027884
0 0.261711 0.233720 0.014576 0.030871
0 0.228583 0.415464 0.046379 0.095602
0 0.246141 0.356210 0.028490 0.056764
0 0.235208 0.305422 0.023852 0.040830
0 0.217651 0.332310 0.035116 0.066722
0 0.224939 0.286999 0.017889 0.039834
0 0.202080 0.278036 0.023852 0.043818
0 0.240178 0.256625 0.017889 0.042822
0 0.214006 0.245671 0.027827 0.036847
0 0.212681 0.215297 0.021202 0.033859
0 0.171934 0.306916 0.032465 0.067718
0 0.173922 0.248160 0.028490 0.047801
0 0.142781 0.245671 0.024515 0.044813
0 0.117273 0.249156 0.027827 0.043818
0 0.149076 0.398534 0.049029 0.071701
0 0.123236 0.349737 0.029153 0.067718
0 0.105678 0.299945 0.025840 0.055768
0 0.087789 0.342766 0.044391 0.087635
0 0.121911 0.488071 0.067581 0.089627
0 0.040265 0.266991 0.036441 0.051784