0 0.026944 0.318264 0.035262 0.047016
0 0.075769 0.377034 0.056962 0.074141
0 0.127306 0.328210 0.035262 0.074141
0 0.196474 0.320976 0.065099 0.132007
0 0.276492 0.459313 0.100362 0.173599
0 0.340913 0.341772 0.052893 0.097649
0 0.412116 0.319168 0.046112 0.066908
0 0.493490 0.379747 0.054250 0.083183
0 0.467721 0.575045 0.111212 0.144665
0 0.459584 0.351718 0.021700 0.037975
0 0.247333 0.361664 0.020344 0.032550
0 0.615552 0.375226 0.027125 0.063291
0 0.821022 0.603978 0.096293 0.151899
0 0.862387 0.339060 0.075949 0.121157
0 0.791863 0.462025 0.056962 0.092224
0 0.764738 0.385172 0.051537 0.065099
0 0.673975 0.395987 0.037763 0.050563
0 0.679973 0.325497 0.031193 0.054250
0 0.639286 0.340868 0.025769 0.037975
0 0.641531 0.380234 0.020865 0.054250