0 0.874526 0.331107 0.059062 0.121527
0 0.777934 0.210401 0.062754 0.100178
0 0.806235 0.334391 0.052910 0.105104
0 0.783471 0.446065 0.071367 0.111673
0 0.737944 0.327822 0.068906 0.108389
0 0.642583 0.226002 0.062754 0.091966
0 0.673345 0.306473 0.060293 0.091966
0 0.608130 0.296619 0.043066 0.108389
0 0.675918 0.452634 0.082441 0.101820
0 0.586709 0.446065 0.076289 0.111673
0 0.509189 0.432105 0.076289 0.113316
0 0.428594 0.450991 0.070137 0.134665
0 0.318691 0.459203 0.078750 0.118242
0 0.212479 0.465772 0.089824 0.147803
0 0.115272 0.363131 0.050449 0.116600
0 0.210018 0.221075 0.060293 0.105104
0 0.296151 0.236677 0.057832 0.110031
0 0.397105 0.234214 0.061523 0.105104
0 0.477085 0.234214 0.061523 0.105104
0 0.547222 0.221897 0.068906 0.070617
0 0.191617 0.327822 0.061523 0.108389
0 0.266676 0.319611 0.049219 0.098535
0 0.370035 0.320432 0.068906 0.083755
0 0.439556 0.311400 0.040605 0.095251
0 0.536763 0.304009 0.052910 0.090324