0 0.990626 0.377853 0.018748 0.044861
0 0.946126 0.380278 0.031492 0.037586
0 0.938858 0.413621 0.042797 0.063048
0 0.962767 0.604582 0.074466 0.187930
0 0.880315 0.377853 0.027455 0.049711
0 0.854071 0.505161 0.041182 0.081234
0 0.815715 0.513648 0.056525 0.093359
0 0.814100 0.442113 0.043605 0.054560
0 0.782204 0.429383 0.029877 0.058198
0 0.748290 0.408771 0.021802 0.048498
0 0.733351 0.382097 0.032300 0.048498
0 0.720027 0.428170 0.037952 0.048498
0 0.767266 0.551234 0.071059 0.100634
0 0.709053 0.605794 0.101744 0.146707
0 0.724799 0.500917 0.052487 0.063048
0 0.686847 0.512436 0.042797 0.054560
0 0.737719 0.476062 0.041182 0.061835
0 0.907190 0.839854 0.185619 0.320292
0 0.415786 0.867189 0.194973 0.265621
0 0.448673 0.611811 0.082218 0.181647
0 0.625215 0.391881 0.022527 0.032829
0 0.645423 0.393871 0.027165 0.042778
0 0.658343 0.468483 0.033128 0.050736
0 0.648735 0.433664 0.033790 0.036809
0 0.636478 0.532153 0.051680 0.104457
0 0.595068 0.519220 0.037766 0.078592
0 0.586455 0.445105 0.031140 0.043773
0 0.584799 0.409788 0.026502 0.022881
0 0.570885 0.389394 0.030478 0.037804
0 0.517338 0.392876 0.033128 0.040788
0 0.517338 0.434162 0.039754 0.047752
0 0.495142 0.531158 0.052342 0.096499
0 0.471200 0.386410 0.023852 0.031835
0 0.440722 0.420234 0.025177 0.031835
0 0.422502 0.479426 0.039091 0.058695
0 0.456623 0.454058 0.033128 0.051731
0 0.251833 0.663968 0.103359 0.181060
0 0.259091 0.513974 0.058245 0.084561
0 0.254152 0.449310 0.037766 0.040788
0 0.305771 0.508503 0.047042 0.073618
0 0.339561 0.515467 0.035116 0.055711
0 0.364919 0.454284 0.033790 0.066654
0 0.405094 0.416028 0.028490 0.056705
0 0.414039 0.271778 0.025177 0.050736
0 0.320287 0.447863 0.029815 0.056705
0 0.334201 0.404588 0.036441 0.049742
0 0.159195 0.401603 0.034453 0.049742
0 0.105859 0.405583 0.024515 0.043773
0 0.112816 0.450350 0.035778 0.055711
0 0.145612 0.535408 0.051017 0.092519
0 0.014335 0.728089 0.028670 0.175091
0 0.009035 0.488335 0.018070 0.047752
0 0.034302 0.406261 0.033790 0.048747
0 0.042253 0.483361 0.035116 0.063669
0 0.057823 0.438593 0.029153 0.039793
0 0.005060 0.433619 0.010119 0.035814