0 0.665758 0.397212 0.028087 0.040265
0 0.465284 0.743226 0.132890 0.248062
0 0.441246 0.358413 0.022040 0.039722
0 0.342377 0.351603 0.029640 0.055611
0 0.301925 0.298571 0.036480 0.062421
0 0.265929 0.179456 0.024320 0.038587
0 0.209517 0.276647 0.031160 0.052207
0 0.304516 0.634767 0.098039 0.149810
0 0.026703 0.406647 0.053406 0.102143
0 0.076587 0.406647 0.053960 0.095334
0 0.116106 0.321992 0.043320 0.062421
0 0.088367 0.252916 0.030400 0.049937
0 0.134346 0.195603 0.023560 0.039722
0 0.056447 0.133956 0.030400 0.059016
0 0.162086 0.105015 0.025840 0.039722
0 0.046567 0.066737 0.030400 0.048802
0 0.067467 0.030729 0.026600 0.039722