0 0.971281 0.519451 0.056317 0.064749
0 0.965981 0.452579 0.041741 0.054135
0 0.983819 0.414366 0.032362 0.060503
0 0.911651 0.418612 0.028490 0.052012
0 0.886805 0.387299 0.026502 0.016983
0 0.874216 0.416489 0.046379 0.039274
0 0.850695 0.471685 0.039091 0.077487
0 0.827837 0.361293 0.019877 0.030782
0 0.816242 0.393668 0.029815 0.048827
0 0.797028 0.370846 0.017889 0.041397
0 0.756733 0.380399 0.023190 0.041397
0 0.767333 0.357578 0.012589 0.016983
0 0.731224 0.358109 0.018552 0.037151
0 0.572044 0.862694 0.104353 0.265897
0 0.374090 0.707890 0.084476 0.206985
0 0.235540 0.507273 0.075532 0.124191
0 0.475281 0.521603 0.062612 0.114638
0 0.589075 0.429255 0.049692 0.076425
0 0.587496 0.373577 0.032300 0.036797
0 0.592880 0.343104 0.020098 0.024148
0 0.569911 0.324130 0.017227 0.025298
0 0.559144 0.333330 0.020098 0.029898
0 0.539406 0.332180 0.017944 0.027598
0 0.521461 0.322980 0.017944 0.027598
0 0.537611 0.241807 0.014355 0.024148
0 0.522277 0.393335 0.025840 0.057496
0 0.508378 0.354237 0.018662 0.022998
0 0.489716 0.335839 0.014355 0.022998
0 0.490075 0.371486 0.030864 0.039097
0 0.426128 0.411158 0.036606 0.074745
0 0.256832 0.423807 0.054551 0.083944
0 0.296179 0.378386 0.043066 0.064395
0 0.460092 0.251895 0.018662 0.027598
0 0.477735 0.324865 0.017889 0.044581
0 0.444276 0.322212 0.018552 0.028660
0 0.417773 0.342380 0.023852 0.030782
0 0.395578 0.313189 0.013914 0.036090
0 0.376032 0.323273 0.019877 0.030782
0 0.005722 0.575902 0.011444 0.090224
0 0.052523 0.425704 0.058305 0.093409
0 0.125736 0.345564 0.035116 0.060503
0 0.089626 0.321681 0.033128 0.050950
0 0.050204 0.339726 0.040416 0.053073
0 0.018401 0.299921 0.023190 0.043520
0 0.011023 0.273384 0.022045 0.024414
0 0.064118 0.271792 0.021864 0.023352
0 0.037615 0.292491 0.009938 0.030782
0 0.111159 0.254278 0.019214 0.024414
0 0.096583 0.286122 0.025840 0.026537
0 0.137993 0.263831 0.014576 0.026537
0 0.160189 0.265423 0.013914 0.023352
0 0.176753 0.313189 0.024515 0.027598
0 0.165820 0.293022 0.018552 0.027598
0 0.200876 0.281345 0.014576 0.025475
0 0.208254 0.307351 0.019214 0.030782
0 0.236594 0.328050 0.026502 0.029721
0 0.270264 0.289837 0.019877 0.029721
0 0.229516 0.297267 0.013914 0.023352
0 0.318962 0.294614 0.019214 0.030782
0 0.340826 0.294614 0.019214 0.020168
0 0.304747 0.322212 0.021864 0.039274