0 0.788348 0.490091 0.060472 0.079272
0 0.687500 0.553338 0.029130 0.043258
0 0.637291 0.490327 0.025811 0.043765
0 0.540192 0.551020 0.031957 0.042939
0 0.516224 0.500236 0.025811 0.042113
0 0.501475 0.455233 0.028269 0.034682
0 0.279621 0.458536 0.024582 0.042939
0 0.397923 0.461426 0.023968 0.035507
0 0.421890 0.514687 0.026426 0.049545
0 0.076205 0.462665 0.027040 0.044591
0 0.131514 0.469271 0.029499 0.052848
0 0.164393 0.523770 0.038717 0.051197
0 0.064528 0.547304 0.039331 0.061931
0 0.194813 0.629466 0.040560 0.064409
0 0.237832 0.594785 0.035644 0.062757
0 0.151180 0.662496 0.055310 0.067712
0 0.220932 0.754980 0.066986 0.094136
0 0.971976 0.908456 0.056047 0.183088
0 0.906772 0.743007 0.082965 0.118082