0 0.070659 0.237107 0.084499 0.151879
0 0.138767 0.225087 0.057547 0.099432
0 0.194129 0.286276 0.093969 0.164991
0 0.148601 0.471482 0.142774 0.220717
0 0.307274 0.528324 0.136566 0.229933
0 0.392280 0.473453 0.105909 0.189172
0 0.498885 0.511601 0.101728 0.169314
0 0.630226 0.444712 0.098244 0.163043
0 0.345596 0.203804 0.050167 0.084657
0 0.403776 0.171927 0.063406 0.127508
0 0.485647 0.229933 0.051561 0.086747
0 0.609323 0.210075 0.053651 0.116012
0 0.797101 0.230978 0.052954 0.093018
0 0.822533 0.352738 0.062012 0.110786
0 0.920778 0.491221 0.064799 0.116012
0 0.815566 0.703386 0.159560 0.249791
0 0.908305 0.804243 0.183389 0.374164
0 0.933737 0.878449 0.132525 0.238294
0 0.971990 0.607755 0.054348 0.096154