0 0.109475 0.422700 0.038579 0.071695
0 0.157240 0.400431 0.037355 0.079299
0 0.194594 0.418355 0.038579 0.080386
0 0.239297 0.410208 0.041029 0.079299
0 0.298085 0.405320 0.031231 0.089076
0 0.345850 0.396086 0.041029 0.107543
0 0.315844 0.379249 0.023882 0.058660
0 0.414435 0.443340 0.041029 0.099939
0 0.431053 0.405320 0.024495 0.043452
0 0.471469 0.457462 0.044091 0.089076
0 0.539220 0.480817 0.039192 0.098852
0 0.625564 0.416726 0.044091 0.107543
0 0.715582 0.458548 0.040416 0.139045
0 0.744976 0.406406 0.040416 0.108629
0 0.825586 0.469954 0.057563 0.140132
0 0.874576 0.412381 0.051439 0.124923