0 0.798994 0.605615 0.175439 0.280649
0 0.976429 0.428173 0.047142 0.172010
0 0.975633 0.161514 0.042735 0.082036
0 0.940849 0.153575 0.046710 0.087328
0 0.904077 0.178715 0.052673 0.105853
0 0.854882 0.127112 0.035778 0.060865
0 0.809662 0.142328 0.050686 0.064835
0 0.802208 0.226349 0.071556 0.097914
0 0.749038 0.117188 0.038760 0.043664
0 0.732143 0.184008 0.046710 0.079389
0 0.682451 0.142990 0.038760 0.071450
0 0.708787 0.287876 0.075532 0.133639
0 0.642110 0.217087 0.055655 0.089975
0 0.628693 0.116527 0.032797 0.039695
0 0.596167 0.175407 0.038760 0.070127
0 0.573806 0.133728 0.039754 0.050280
0 0.550451 0.120496 0.036772 0.050280
0 0.507129 0.116527 0.039754 0.052926
0 0.486755 0.129097 0.044723 0.059542
0 0.492221 0.195255 0.035778 0.080713
0 0.530981 0.243550 0.059630 0.095267
0 0.552845 0.352049 0.087458 0.142901
0 0.409552 0.128435 0.039754 0.060865
0 0.371289 0.158206 0.052673 0.075420
0 0.357872 0.214441 0.053667 0.044987
0 0.367314 0.285229 0.076526 0.117761
0 0.307186 0.150267 0.035778 0.062188
0 0.235269 0.190624 0.053667 0.074097
0 0.178033 0.166807 0.049421 0.082036
0 0.079778 0.223703 0.039754 0.079389
0 0.192082 0.312354 0.077519 0.134962
0 0.271363 0.458563 0.136156 0.189212
0 0.066361 0.419530 0.104353 0.137608
0 0.012062 0.189962 0.024123 0.099237