0 0.043823 0.528029 0.041983 0.068716
0 0.118193 0.529837 0.037185 0.072333
0 0.275330 0.528933 0.049180 0.070524
0 0.323311 0.537975 0.032387 0.059675
0 0.341904 0.590416 0.040784 0.081374
0 0.276530 0.639241 0.056377 0.095841
0 0.124791 0.635624 0.059976 0.095841
0 0.121192 0.799277 0.131947 0.227848
0 0.378489 0.557866 0.034786 0.059675
0 0.406677 0.526221 0.043183 0.061483
0 0.560816 0.436709 0.025190 0.048825
0 0.584206 0.551537 0.031187 0.057866
0 0.567413 0.579566 0.026389 0.052441
0 0.632187 0.613924 0.047981 0.084991
0 0.648980 0.544304 0.033586 0.047016
0 0.703558 0.560579 0.032387 0.061483
0 0.678368 0.572333 0.020392 0.059675
0 0.879887 0.537975 0.037185 0.056058
0 0.955457 0.547920 0.027589 0.050633
0 0.977048 0.583183 0.041983 0.095841
0 0.925469 0.689873 0.085166 0.124774
0 0.786325 0.601266 0.058776 0.088608
0 0.731747 0.649186 0.079168 0.148282