0 0.783821 0.275608 0.063263 0.108363
0 0.832625 0.598691 0.083757 0.139133
0 0.746640 0.563908 0.065045 0.098999
0 0.649113 0.511064 0.061481 0.121741
0 0.692450 0.711250 0.109596 0.167227
0 0.562639 0.582187 0.065407 0.098204
0 0.483101 0.511868 0.050065 0.069107
0 0.452417 0.475496 0.046835 0.078806
0 0.276016 0.490651 0.050065 0.092142
0 0.219491 0.467616 0.050065 0.101841
0 0.329347 0.600979 0.086402 0.157612
0 0.323291 0.750104 0.134044 0.121240
0 0.084200 0.654931 0.090439 0.146700
0 0.116096 0.526417 0.081557 0.100629
0 0.064820 0.480346 0.058140 0.095779