0 0.181090 0.606838 0.083333 0.153846
0 0.425481 0.592593 0.097756 0.159544
0 0.725160 0.675214 0.107372 0.205128
0 0.770833 0.554131 0.073718 0.139601
0 0.697115 0.408832 0.048077 0.059829
0 0.871795 0.433048 0.038462 0.079772
0 0.944712 0.400285 0.046474 0.076923
0 0.924679 0.472934 0.060897 0.102564
0 0.583333 0.430199 0.048077 0.085470
0 0.556891 0.488604 0.062500 0.111111
0 0.482372 0.410256 0.044872 0.068376
0 0.693109 0.477208 0.052885 0.071225
0 0.426282 0.411681 0.038462 0.042735
0 0.351763 0.423077 0.043269 0.048433
0 0.317308 0.440171 0.035256 0.059829
0 0.297276 0.408832 0.027244 0.054131
0 0.240385 0.418803 0.038462 0.056980
0 0.040064 0.514245 0.057692 0.122507