0 0.227611 0.441230 0.054165 0.097649
0 0.171039 0.408680 0.044535 0.075949
0 0.069330 0.404159 0.040925 0.048825
0 0.014804 0.395118 0.029608 0.063291
0 0.337145 0.449367 0.066201 0.088608
0 0.458714 0.448463 0.058979 0.075949
0 0.442465 0.383363 0.028888 0.057866
0 0.485195 0.405967 0.020462 0.041591
0 0.518897 0.409584 0.030092 0.048825
0 0.576673 0.388788 0.037314 0.054250
0 0.610376 0.409584 0.037314 0.041591
0 0.722316 0.404159 0.039721 0.056058
0 0.264925 0.370705 0.037314 0.072333
0 0.297424 0.351718 0.020462 0.063291
0 0.353394 0.396926 0.043332 0.059675