0 0.860487 0.643258 0.106742 0.106742
0 0.633895 0.524345 0.099251 0.097378
0 0.436330 0.430712 0.097378 0.104869
0 0.214419 0.420412 0.088015 0.102996
0 0.059925 0.355805 0.086142 0.097378
0 0.182584 0.296816 0.065543 0.106742
0 0.187266 0.164794 0.059925 0.097378
0 0.098315 0.237828 0.061798 0.067416
0 0.300562 0.144195 0.076779 0.089888
0 0.459738 0.144195 0.073034 0.074906
0 0.288390 0.262172 0.059925 0.052434
0 0.389513 0.252809 0.071161 0.059925
0 0.411985 0.312734 0.101124 0.063670
0 0.491573 0.240637 0.061798 0.046816
0 0.556180 0.300562 0.056180 0.076779
0 0.623596 0.366105 0.112360 0.106742
0 0.829588 0.438202 0.097378 0.112360
0 0.758427 0.285581 0.071161 0.061798
0 0.703184 0.246255 0.065543 0.073034
0 0.603933 0.131086 0.073034 0.101124
0 0.765918 0.132022 0.071161 0.099251
0 0.892322 0.155431 0.054307 0.071161
0 0.896067 0.250000 0.058052 0.084270