0 0.878205 0.213341 0.067308 0.141292
0 0.610413 0.235498 0.020135 0.038319
0 0.594592 0.197527 0.015615 0.032048
0 0.545488 0.226789 0.020957 0.043196
0 0.506040 0.193695 0.016847 0.029958
0 0.480358 0.223654 0.020546 0.036925
0 0.430227 0.197876 0.018080 0.034139
0 0.353591 0.209371 0.017669 0.030655
0 0.279421 0.222957 0.020546 0.036925
0 0.244494 0.229227 0.025477 0.043892
0 0.174844 0.246993 0.026709 0.043196
0 0.109714 0.237588 0.035339 0.055040
0 0.055268 0.254657 0.039859 0.050163
0 0.063897 0.297156 0.043146 0.062703
0 0.141560 0.294718 0.047255 0.081515
0 0.268738 0.353589 0.059993 0.119833
0 0.278394 0.530204 0.094921 0.152578
0 0.488166 0.599875 0.119987 0.233396