0 0.078810 0.380343 0.100000 0.186335
0 0.025714 0.279868 0.051428 0.142492
0 0.240119 0.220497 0.101190 0.151626
0 0.212738 0.331933 0.117857 0.191816
0 0.291905 0.134636 0.073810 0.147972
0 0.401429 0.065948 0.073810 0.131896
0 0.390119 0.267081 0.094048 0.175374
0 0.577619 0.230544 0.102381 0.149799
0 0.685952 0.056814 0.085714 0.113628
0 0.605595 0.028498 0.067857 0.056996
0 0.854405 0.153818 0.084524 0.168067
0 0.737738 0.192181 0.101190 0.149799
0 0.705000 0.537450 0.140476 0.263062
0 0.834167 0.050603 0.096429 0.096821
0 0.902024 0.044940 0.060714 0.089879
0 0.965714 0.068688 0.064286 0.137376