0 0.095870 0.570264 0.120944 0.295395
0 0.376106 0.636226 0.112094 0.255244
0 0.295723 0.445510 0.066372 0.212225
0 0.126106 0.413963 0.084071 0.166339
0 0.199853 0.375246 0.057522 0.209358
0 0.372986 0.363279 0.064103 0.138983
0 0.234022 0.318038 0.023599 0.095597
0 0.312684 0.293183 0.047198 0.084125
0 0.463127 0.073309 0.045231 0.114716
0 0.529499 0.275019 0.030482 0.093685
0 0.559980 0.283623 0.022616 0.122364
0 0.598820 0.308478 0.043265 0.152955
0 0.636676 0.286491 0.028515 0.151043
0 0.678958 0.323774 0.052114 0.225609
0 0.722714 0.281711 0.033432 0.156779
0 0.775320 0.257812 0.030482 0.097509
0 0.802852 0.414591 0.073746 0.154867
0 0.983284 0.311346 0.033432 0.131924
0 0.933137 0.284579 0.064897 0.135748
0 0.870206 0.241560 0.060964 0.160603
0 0.820551 0.295095 0.044248 0.084125