0 0.124328 0.796831 0.146479 0.272535
0 0.476440 0.736620 0.101408 0.232394
0 0.655314 0.624648 0.087324 0.173239
0 0.564469 0.529577 0.094366 0.156338
0 0.413764 0.595070 0.094366 0.164789
0 0.289116 0.521127 0.092958 0.156338
0 0.113764 0.608803 0.114085 0.171127
0 0.053905 0.543310 0.101408 0.158451
0 0.060947 0.414437 0.061972 0.095070
0 0.016581 0.402817 0.026761 0.122535
0 0.018694 0.255986 0.036620 0.069718
0 0.078553 0.283451 0.074648 0.116197
0 0.213764 0.298239 0.057746 0.090845
0 0.358835 0.353169 0.071831 0.120423
0 0.338412 0.261268 0.050704 0.088732
0 0.446863 0.433451 0.059155 0.124648
0 0.625736 0.408099 0.073239 0.124648
0 0.760243 0.516901 0.091549 0.164789
0 0.808131 0.441901 0.069014 0.128873
0 0.923624 0.322535 0.066197 0.105634
0 0.747567 0.348944 0.060563 0.124648
0 0.827849 0.326761 0.063380 0.118310
0 0.878553 0.279225 0.057746 0.095070
0 0.989629 0.246479 0.020742 0.143662
0 0.948976 0.193662 0.040845 0.088732
0 0.908835 0.222183 0.045070 0.073944
0 0.840525 0.195775 0.035211 0.076056
0 0.893342 0.179930 0.039437 0.073944
0 0.720102 0.188380 0.045070 0.090845
0 0.675736 0.196831 0.038028 0.082394
0 0.653201 0.258099 0.029577 0.090845
0 0.692638 0.314085 0.063380 0.118310
0 0.595455 0.252817 0.040845 0.109859
0 0.530666 0.242254 0.049296 0.088732
0 0.503201 0.300352 0.059155 0.111972