0 0.410940 0.383939 0.054773 0.099229
0 0.416418 0.499397 0.054251 0.105721
0 0.072727 0.708685 0.145454 0.582629
0 0.150384 0.513252 0.028169 0.077621
0 0.184187 0.522016 0.053521 0.075117
0 0.237356 0.533284 0.028873 0.067606
0 0.294750 0.576476 0.104225 0.219092
0 0.354257 0.559575 0.071127 0.132707
0 0.578009 0.652845 0.171127 0.406886
0 0.485755 0.543299 0.031690 0.085133
0 0.664629 0.550185 0.031690 0.073865
0 0.696671 0.550811 0.056338 0.092645
0 0.710403 0.600889 0.050000 0.100156
0 0.771223 0.617165 0.062676 0.140219
0 0.752913 0.535161 0.031690 0.043818
0 0.816645 0.575850 0.038028 0.072613
0 0.867350 0.620295 0.074648 0.141471
0 0.947119 0.671625 0.105762 0.211581
0 0.975640 0.569590 0.048720 0.052582