0 0.594881 0.595506 0.124844 0.119850
0 0.321473 0.711610 0.177278 0.161049
0 0.274032 0.531835 0.107366 0.086142
0 0.670100 0.483146 0.068664 0.059925
0 0.716292 0.402622 0.073658 0.056180
0 0.507803 0.393727 0.061174 0.057116
0 0.382959 0.411985 0.061174 0.054307
0 0.364856 0.386236 0.049938 0.032772
0 0.242509 0.398408 0.064919 0.042135
0 0.255618 0.376404 0.046192 0.026217
0 0.163233 0.389513 0.046192 0.041199
0 0.183833 0.348783 0.057428 0.044007
0 0.058365 0.336142 0.041199 0.039326
0 0.040886 0.360487 0.048689 0.046816
0 0.039482 0.438670 0.078964 0.066479