0 0.204277 0.234044 0.101770 0.193423
0 0.092920 0.086559 0.088496 0.149903
0 0.366519 0.105901 0.095870 0.178916
0 0.522861 0.173599 0.095870 0.222436
0 0.335546 0.330755 0.119469 0.203094
0 0.320059 0.562862 0.165192 0.241778
0 0.654867 0.359769 0.094395 0.217601
0 0.642330 0.091395 0.084071 0.174080
0 0.794248 0.236462 0.078171 0.203094
0 0.834808 0.085350 0.088496 0.161992
0 0.951327 0.283608 0.097345 0.229689
0 0.778024 0.489120 0.119469 0.292552
0 0.961652 0.689796 0.076696 0.287716
0 0.969027 0.076888 0.061946 0.135396