0 0.924041 0.439159 0.151917 0.325221
0 0.019507 0.189480 0.037111 0.059235
0 0.068751 0.142021 0.035684 0.057094
0 0.128461 0.132030 0.027595 0.051385
0 0.197212 0.122395 0.028071 0.044961
0 0.178656 0.149872 0.029974 0.054239
0 0.104196 0.173780 0.033305 0.063517
0 0.072795 0.234799 0.040917 0.064231
0 0.170092 0.202327 0.039490 0.059235
0 0.249548 0.187339 0.036635 0.057808
0 0.240746 0.130246 0.025692 0.046389
0 0.263346 0.112404 0.028071 0.034970
0 0.304501 0.123466 0.023789 0.032829
0 0.319012 0.155581 0.026168 0.042820
0 0.047340 0.308664 0.058521 0.094919
0 0.147017 0.290465 0.060900 0.081359
0 0.247169 0.247645 0.050909 0.067085
0 0.321555 0.213032 0.044575 0.064944
0 0.228138 0.341850 0.063279 0.091350
0 0.086592 0.412860 0.072319 0.102055
0 0.327019 0.090915 0.026272 0.035260
0 0.375876 0.136892 0.034569 0.052544
0 0.405835 0.091607 0.030881 0.054618
0 0.453309 0.085384 0.021663 0.043556
0 0.473590 0.118225 0.029038 0.047013
0 0.528438 0.084347 0.029959 0.060841
0 0.463449 0.185633 0.029038 0.056001
0 0.405144 0.195312 0.037795 0.054618
0 0.431416 0.268944 0.049779 0.073285
0 0.354213 0.292796 0.053005 0.085039
0 0.523138 0.227116 0.040560 0.068446
0 0.568308 0.198769 0.035029 0.058767
0 0.565312 0.135163 0.030881 0.056001
0 0.613938 0.120299 0.023046 0.045631
0 0.743685 0.130324 0.039178 0.061532
0 0.693215 0.161090 0.035029 0.053927
0 0.656803 0.290722 0.047935 0.075360
0 0.722253 0.249585 0.042404 0.076051
0 0.811901 0.179411 0.034569 0.068446
0 0.843013 0.173189 0.034108 0.062915
0 0.566171 0.347446 0.047600 0.091512
0 0.480692 0.416834 0.061679 0.099558
0 0.351301 0.488737 0.085814 0.136766
0 0.189729 0.602373 0.108608 0.148833