0 0.964987 0.545138 0.043729 0.053640
0 0.942791 0.587355 0.040416 0.058607
0 0.912976 0.456730 0.012589 0.023840
0 0.930202 0.515202 0.024515 0.024834
0 0.931528 0.545499 0.025840 0.047680
0 0.834131 0.575299 0.049692 0.067547
0 0.887799 0.578279 0.037766 0.061587
0 0.904363 0.547486 0.024515 0.033774
0 0.898400 0.532585 0.029815 0.031787
0 0.869578 0.514705 0.019877 0.033774
0 0.875541 0.471495 0.019877 0.030794
0 0.839432 0.435238 0.021864 0.027814
0 0.837444 0.489872 0.021864 0.035760
0 0.826512 0.527122 0.025177 0.044700
0 0.773507 0.524142 0.025177 0.050660
0 0.812267 0.468018 0.015239 0.035760
0 0.777151 0.439211 0.017889 0.029800
0 0.785102 0.481925 0.016564 0.031787
0 0.760919 0.488382 0.021202 0.032780
0 0.747065 0.402954 0.011926 0.026820
0 0.722882 0.415868 0.021864 0.030794
0 0.688429 0.293190 0.013914 0.023840
0 0.722219 0.470502 0.017889 0.034767
0 0.699692 0.447655 0.015239 0.032780
0 0.692735 0.395008 0.010601 0.020860
0 0.723544 0.513215 0.028490 0.038740
0 0.723876 0.619006 0.053005 0.093374
0 0.728182 0.554439 0.058968 0.035760
0 0.657288 0.508249 0.040416 0.064567
0 0.675178 0.482918 0.019214 0.045694
0 0.663914 0.405438 0.013914 0.025827
0 0.616872 0.467522 0.028490 0.044700
0 0.649338 0.450635 0.020539 0.034767
0 0.622504 0.436231 0.015901 0.023840
0 0.641718 0.425801 0.011926 0.024834
0 0.541973 0.525632 0.046379 0.089401
0 0.454847 0.514209 0.058968 0.122181
0 0.521765 0.450635 0.024515 0.064567
0 0.501557 0.405438 0.014576 0.037747
0 0.461803 0.397988 0.021202 0.026820
0 0.417412 0.365207 0.021202 0.030794
0 0.550255 0.398484 0.012589 0.023840
0 0.629431 0.354777 0.010601 0.021854
0 0.525409 0.289126 0.010601 0.019867
0 0.441023 0.259326 0.011926 0.021854
0 0.464634 0.298067 0.011926 0.023840
0 0.536191 0.315947 0.010601 0.015893
0 0.566337 0.321410 0.008613 0.016887
0 0.361998 0.373064 0.025177 0.040727
0 0.313631 0.312470 0.015901 0.028807
0 0.256982 0.321410 0.019214 0.048674
0 0.270896 0.293100 0.012589 0.029800
0 0.255989 0.281676 0.021202 0.036754
0 0.289117 0.238466 0.013251 0.023840
0 0.311644 0.218599 0.013251 0.023840
0 0.282822 0.206182 0.015239 0.016887
0 0.268577 0.212142 0.014576 0.024834
0 0.324895 0.216116 0.018552 0.018873
0 0.364648 0.228036 0.011926 0.020860
0 0.340465 0.243929 0.013914 0.022847
0 0.395126 0.238963 0.011926 0.018873
0 0.383862 0.241943 0.011926 0.020860
0 0.353385 0.301047 0.014576 0.029800
0 0.364648 0.280186 0.013251 0.019867
0 0.381544 0.339290 0.020539 0.036754
0 0.389494 0.305020 0.016564 0.031787
0 0.422953 0.276213 0.009276 0.015893
0 0.421297 0.302537 0.017889 0.026820
0 0.421960 0.338297 0.013914 0.022847
0 0.440511 0.326873 0.016564 0.019867
0 0.482584 0.377037 0.014576 0.032780
0 0.500684 0.278200 0.007288 0.019867
0 0.487432 0.292603 0.012589 0.022847
0 0.527517 0.359654 0.009276 0.019867
0 0.513272 0.376044 0.016564 0.030794
0 0.515953 0.300053 0.011926 0.021854
0 0.488125 0.335814 0.014576 0.021854
0 0.226803 0.670457 0.167959 0.232442
0 0.061396 0.520867 0.105708 0.144396
0 0.204690 0.290186 0.023491 0.031697
0 0.137993 0.142609 0.013251 0.026820
0 0.185035 0.158502 0.011926 0.020860
0 0.169464 0.167939 0.013914 0.021854
0 0.218494 0.172409 0.016564 0.020860
0 0.195636 0.181846 0.014576 0.029800
0 0.223463 0.203699 0.015901 0.025827
0 0.163501 0.212142 0.023190 0.036754
0 0.193317 0.215619 0.019214 0.021854
0 0.133024 0.223069 0.019214 0.042714
0 0.106521 0.189792 0.021864 0.029800
0 0.088301 0.201216 0.025177 0.042714
0 0.091283 0.269756 0.047042 0.056620
0 0.071074 0.122742 0.019877 0.032780
0 0.051860 0.119762 0.018552 0.028807
0 0.017076 0.220586 0.015239 0.035760
0 0.005060 0.214129 0.010119 0.050660
0 0.202261 0.245419 0.019877 0.029800
0 0.230420 0.233499 0.016564 0.021854
0 0.170127 0.277206 0.023190 0.033774