0 0.046229 0.361051 0.053667 0.076562
0 0.119773 0.363996 0.049692 0.077740
0 0.149256 0.418767 0.051680 0.081274
0 0.185035 0.342794 0.051680 0.068317
0 0.237919 0.322770 0.043729 0.061250
0 0.234275 0.396976 0.061618 0.087163
0 0.192202 0.493563 0.084808 0.162548
0 0.275263 0.354573 0.039754 0.082452
0 0.290502 0.314525 0.037103 0.054183
0 0.341850 0.324537 0.029815 0.055360
0 0.392536 0.327481 0.055655 0.061250
0 0.383923 0.408166 0.066256 0.121322
0 0.340194 0.533022 0.095408 0.180216
0 0.474091 0.354573 0.049029 0.096586
0 0.525530 0.308635 0.031803 0.056538
0 0.547755 0.398154 0.062281 0.138990
0 0.589436 0.305691 0.035778 0.057716
0 0.614041 0.371652 0.062943 0.137812
0 0.706378 0.312062 0.065593 0.106009
0 0.766852 0.306172 0.051017 0.094231
0 0.808352 0.262591 0.041741 0.065961
0 0.970567 0.382735 0.058865 0.120144
0 0.993757 0.288504 0.012486 0.084808
0 0.942533 0.713792 0.114934 0.417613