0 0.724958 0.457724 0.018597 0.036974
0 0.791971 0.498396 0.021803 0.034509
0 0.791009 0.536602 0.023727 0.051764
0 0.771451 0.571728 0.023086 0.052996
0 0.744838 0.524278 0.019879 0.051764
0 0.675901 0.523661 0.025651 0.052996
0 0.660831 0.450329 0.022445 0.044369
0 0.633256 0.415820 0.013467 0.034509
0 0.613698 0.438004 0.016673 0.041904
0 0.556624 0.427528 0.014108 0.030812
0 0.560472 0.410274 0.019238 0.043137
0 0.518148 0.422598 0.015391 0.033277
0 0.507888 0.434307 0.023086 0.054229
0 0.466526 0.409041 0.017314 0.043137
0 0.529370 0.497779 0.027575 0.055461
0 0.577145 0.502709 0.021803 0.055461
0 0.608888 0.521813 0.019879 0.051764
0 0.645761 0.582204 0.030781 0.069019
0 0.887521 0.494082 0.052584 0.097366
0 0.469411 0.555706 0.034629 0.070251
0 0.365205 0.576658 0.072464 0.151594
0 0.349493 0.452178 0.032064 0.075181
0 0.207452 0.418901 0.050661 0.089971
0 0.203604 0.338174 0.035270 0.064089
0 0.173464 0.316606 0.027575 0.067786
0 0.018918 0.295653 0.037835 0.087506
0 0.101321 0.291956 0.026933 0.062856
0 0.140759 0.357277 0.031422 0.082576
0 0.094267 0.390554 0.056432 0.104760