0 0.067308 0.523212 0.067308 0.078076
0 0.008814 0.512661 0.017628 0.078076
0 0.145032 0.530597 0.052885 0.059085
0 0.173878 0.518991 0.052885 0.069635
0 0.204327 0.503165 0.046474 0.063305
0 0.128205 0.700466 0.208333 0.318635
0 0.383013 0.586517 0.125000 0.221567
0 0.457532 0.501055 0.049679 0.063305
0 0.596955 0.501055 0.043269 0.071746
0 0.646635 0.507386 0.078526 0.122389
0 0.740385 0.525322 0.099359 0.141381
0 0.866987 0.602343 0.134615 0.202576
0 0.961538 0.704686 0.076923 0.373499
0 0.940004 0.503734 0.061098 0.104189
0 0.750200 0.379102 0.046074 0.068580