0 0.053235 0.219711 0.062504 0.113924
0 0.077014 0.584991 0.153541 0.294756
0 0.026060 0.386076 0.046198 0.139241
0 0.257731 0.298373 0.074733 0.126582
0 0.365753 0.245027 0.062504 0.110307
0 0.320914 0.428571 0.097832 0.177215
0 0.392929 0.211573 0.048916 0.115732
0 0.486684 0.220615 0.067939 0.119349
0 0.547149 0.329114 0.085603 0.159132
0 0.496875 0.702532 0.202457 0.359855
0 0.689821 0.407776 0.131801 0.204340
0 0.801240 0.275769 0.091038 0.153707
0 0.890240 0.256781 0.070656 0.119349
0 0.602859 0.168174 0.047557 0.090416
0 0.649057 0.262206 0.063862 0.108499
0 0.675554 0.201627 0.062504 0.077758
0 0.740095 0.175407 0.042122 0.057866
0 0.926927 0.168174 0.057068 0.083183
0 0.908583 0.198915 0.061145 0.068716