0 0.134956 0.355503 0.072271 0.172382
0 0.219764 0.345363 0.053097 0.131822
0 0.258850 0.313675 0.025074 0.129287
0 0.297935 0.361841 0.050147 0.144497
0 0.348083 0.298465 0.044248 0.088726
0 0.401180 0.303535 0.061947 0.134357
0 0.455752 0.251567 0.050147 0.111541
0 0.511799 0.297198 0.064897 0.116611
0 0.195428 0.607739 0.063422 0.139427
0 0.248525 0.550701 0.051622 0.131822
0 0.302360 0.591261 0.053097 0.131822
0 0.370944 0.568446 0.063422 0.126751
0 0.469764 0.583656 0.078171 0.116611
0 0.572271 0.674917 0.061947 0.136892
0 0.667404 0.567178 0.069322 0.149567
0 0.588496 0.289593 0.058997 0.121681
0 0.550885 0.254102 0.057522 0.126751
0 0.645280 0.259172 0.036873 0.106471
0 0.686578 0.281987 0.048673 0.126751
0 0.735988 0.221147 0.061947 0.126751
0 0.749263 0.307338 0.053097 0.106471
0 0.798673 0.333956 0.066372 0.124216
0 0.838496 0.275650 0.048673 0.098866
0 0.901180 0.285790 0.070796 0.119146