0 0.815841 0.090675 0.161499 0.170343
0 0.677078 0.434891 0.063677 0.130823
0 0.959404 0.903294 0.081192 0.192518
0 0.830717 0.958151 0.122152 0.083698
0 0.751436 0.714244 0.088090 0.116205
0 0.587962 0.726385 0.085741 0.150893
0 0.531584 0.663080 0.059901 0.114470
0 0.440077 0.840856 0.104534 0.209862
0 0.428332 0.690830 0.071647 0.142221
0 0.361383 0.650939 0.064599 0.107533
0 0.245211 0.761940 0.085741 0.093658
0 0.189421 0.664814 0.056378 0.131814
0 0.224069 0.892020 0.123326 0.211597
0 0.077252 0.667416 0.109232 0.154361
0 0.051840 0.879879 0.103679 0.211597