0 0.066506 0.492877 0.133012 0.205128
0 0.231990 0.329670 0.054945 0.124813
0 0.334249 0.307285 0.076313 0.139737
0 0.376221 0.309320 0.039683 0.086827
0 0.434982 0.265229 0.047314 0.066477
0 0.486493 0.272012 0.035867 0.066477
0 0.523123 0.309320 0.060287 0.100393
0 0.600198 0.252340 0.035867 0.054267
0 0.639499 0.315425 0.044261 0.080043
0 0.692537 0.271334 0.031288 0.067833
0 0.736416 0.266585 0.032051 0.074617
0 0.483440 0.680369 0.154915 0.359517
0 0.812729 0.384615 0.074786 0.085470
0 0.850504 0.331705 0.064866 0.071903
0 0.886371 0.276760 0.045024 0.051553
0 0.884463 0.349342 0.039683 0.069190