0 0.082596 0.275218 0.070796 0.135091
0 0.192478 0.320617 0.048673 0.093013
0 0.238201 0.380411 0.060472 0.137305
0 0.328171 0.315081 0.060472 0.130662
0 0.421091 0.335012 0.054572 0.126232
0 0.405605 0.437991 0.070796 0.132876
0 0.552360 0.451279 0.081121 0.141735
0 0.505162 0.335012 0.063422 0.112945
0 0.589233 0.308437 0.051622 0.126232
0 0.668879 0.315081 0.060472 0.121803
0 0.791298 0.323939 0.060472 0.126232
0 0.721239 0.498893 0.067847 0.130662
0 0.867257 0.457923 0.076696 0.146164
0 0.898230 0.291827 0.073746 0.110730