0 0.194690 0.310925 0.070796 0.109345
0 0.115782 0.422547 0.078171 0.104789
0 0.981954 0.386578 0.036092 0.056280
0 0.936144 0.387918 0.036439 0.053600
0 0.874545 0.400648 0.031234 0.049580
0 0.904043 0.381218 0.024293 0.042880
0 0.846781 0.383228 0.024293 0.044220
0 0.825091 0.411368 0.041645 0.071020
0 0.763491 0.447549 0.045115 0.054940
0 0.616866 0.434819 0.052056 0.077721
0 0.658945 0.418739 0.037307 0.050920
0 0.751779 0.389258 0.032101 0.064320
0 0.794725 0.369828 0.020822 0.030820
0 0.708832 0.322928 0.045115 0.052260
0 0.562641 0.405338 0.025161 0.032160
0 0.614697 0.366478 0.019955 0.021440
0 0.588235 0.369828 0.013882 0.017420
0 0.779976 0.736991 0.000000 0.009380