0 0.805678 0.864206 0.191740 0.268548
0 0.714417 0.635314 0.101401 0.169756
0 0.927360 0.647141 0.106932 0.165581
0 0.909845 0.535130 0.079277 0.086269
0 0.831951 0.530956 0.059919 0.102967
0 0.788625 0.515650 0.050701 0.064006
0 0.661873 0.502432 0.082965 0.115490
0 0.765118 0.464863 0.035029 0.082095
0 0.818584 0.446774 0.035029 0.048700
0 0.860988 0.472516 0.033186 0.061223
0 0.112924 0.578984 0.096792 0.148837
0 0.185288 0.572699 0.051622 0.133578
0 0.247511 0.514259 0.058075 0.119664
0 0.307891 0.520520 0.044248 0.087661
0 0.354443 0.496866 0.043326 0.079312
0 0.376567 0.490604 0.019358 0.052875
0 0.405144 0.471124 0.039639 0.055658
0 0.424502 0.441904 0.026733 0.038960
0 0.449392 0.450253 0.017515 0.044526
0 0.380715 0.432164 0.027655 0.050092
0 0.591814 0.395279 0.022124 0.037593
0 0.529608 0.370711 0.026767 0.037930
0 0.479829 0.385551 0.021168 0.034786
0 0.420354 0.387202 0.019119 0.031333
0 0.372829 0.386377 0.019119 0.032982
0 0.118540 0.320825 0.017481 0.025561
0 0.030045 0.425956 0.021851 0.051123
0 0.018027 0.496455 0.033869 0.098122
0 0.165402 0.477135 0.047408 0.061223
0 0.106932 0.462028 0.041087 0.056453
0 0.153287 0.436187 0.029499 0.034985
0 0.339760 0.432609 0.030552 0.034190