0 0.226763 0.395367 0.206731 0.298263
0 0.427885 0.423029 0.160256 0.295858
0 0.610577 0.396570 0.134615 0.223698
0 0.862981 0.371314 0.139423 0.240535
0 0.690705 0.236614 0.099359 0.182807
0 0.689904 0.127171 0.052885 0.074566
0 0.597756 0.233006 0.118590 0.190023
0 0.503205 0.284721 0.092949 0.158753
0 0.427083 0.157238 0.094551 0.153942
0 0.472756 0.092293 0.076923 0.139510
0 0.286859 0.151224 0.112179 0.165969
0 0.178686 0.164454 0.094551 0.153942
0 0.233974 0.057416 0.086538 0.103430
0 0.047276 0.195723 0.094551 0.182807
0 0.025641 0.104320 0.051282 0.129889