0 0.035462 0.427667 0.032468 0.070524
0 0.068532 0.419530 0.026456 0.047016
0 0.192392 0.516275 0.086582 0.182640
0 0.141886 0.421338 0.021646 0.039783
0 0.248911 0.473779 0.043291 0.097649
0 0.269354 0.429476 0.028861 0.063291
0 0.223057 0.415009 0.037278 0.059675
0 0.317456 0.443038 0.028861 0.054250
0 0.355335 0.472875 0.034873 0.081374
0 0.349924 0.416817 0.026456 0.052441
0 0.464165 0.485533 0.088987 0.182640
0 0.407044 0.504521 0.044494 0.119349
0 0.540525 0.479204 0.034873 0.072333
0 0.553753 0.424955 0.020443 0.043400
0 0.494829 0.440325 0.022848 0.070524
0 0.577804 0.429476 0.018038 0.056058
0 0.606063 0.440325 0.019241 0.048825
0 0.628310 0.440325 0.022848 0.056058
0 0.672804 0.486438 0.066139 0.137432
0 0.737740 0.462025 0.032468 0.077758
0 0.814101 0.519892 0.088987 0.197107
0 0.898880 0.468354 0.046899 0.097649
0 0.954196 0.480108 0.039684 0.074141