0 0.213427 0.449367 0.055606 0.084991
0 0.120524 0.420434 0.056962 0.077758
0 0.269033 0.396926 0.050181 0.066908
0 0.333454 0.425859 0.043400 0.074141
0 0.420253 0.404159 0.035262 0.063291
0 0.474503 0.418626 0.035262 0.056058
0 0.529430 0.381555 0.033906 0.050633
0 0.550452 0.353526 0.035262 0.052441
0 0.591139 0.388788 0.035262 0.050633
0 0.435850 0.492767 0.080018 0.103074
0 0.604702 0.482821 0.094937 0.144665
0 0.711166 0.273960 0.042043 0.066908
0 0.787794 0.438517 0.075949 0.121157
0 0.707776 0.443942 0.046112 0.077758
0 0.931555 0.383363 0.048825 0.090416
0 0.807459 0.370705 0.050181 0.057866