0 0.034415 0.744979 0.068830 0.260666
0 0.023107 0.469249 0.046214 0.220060
0 0.044494 0.361839 0.049656 0.141467
0 0.103245 0.477763 0.057030 0.166355
0 0.103245 0.286521 0.042281 0.106100
0 0.055801 0.270802 0.035890 0.085142
0 0.214356 0.536053 0.073746 0.183383
0 0.315880 0.514440 0.051622 0.142777
0 0.271141 0.376903 0.036873 0.124439
0 0.223943 0.243950 0.027040 0.083832
0 0.283923 0.252464 0.025074 0.082523
0 0.307522 0.293725 0.031957 0.089072
0 0.311455 0.223646 0.019174 0.053705
0 0.335792 0.288486 0.028515 0.086452
0 0.347345 0.222337 0.020157 0.066804
0 0.370698 0.233471 0.018682 0.060255
0 0.375615 0.289796 0.027532 0.086452
0 0.420846 0.366424 0.047198 0.127058
0 0.484759 0.361839 0.035398 0.112650
0 0.434366 0.220372 0.018191 0.065494
0 0.483776 0.205963 0.016716 0.062874
0 0.506637 0.243950 0.020157 0.062874
0 0.526057 0.228231 0.016716 0.060255
0 0.541790 0.191554 0.021632 0.060255
0 0.564897 0.222992 0.020649 0.052395
0 0.564897 0.336951 0.027532 0.089072
0 0.556293 0.511165 0.066372 0.154566
0 0.645034 0.409650 0.037365 0.119199
0 0.613078 0.323852 0.027532 0.086452
0 0.602016 0.292415 0.023107 0.068114
0 0.608653 0.204653 0.017699 0.057635
0 0.631023 0.228231 0.019174 0.068114
0 0.673304 0.225611 0.018191 0.057635
0 0.650934 0.348085 0.032448 0.077283
0 0.682645 0.341536 0.027040 0.103481
0 0.745084 0.345465 0.027040 0.095621
0 0.727139 0.294380 0.024582 0.069424
0 0.722960 0.248534 0.017207 0.040606
0 0.698378 0.243295 0.021141 0.064184
0 0.957965 0.256362 0.022124 0.070734
0 0.864307 0.136508 0.058997 0.176834