0 0.019831 0.551537 0.032550 0.072333
0 0.069259 0.559675 0.044605 0.059675
0 0.107836 0.526221 0.037372 0.054250
0 0.153044 0.539783 0.028933 0.052441
0 0.208499 0.551537 0.043400 0.075949
0 0.260940 0.556962 0.044605 0.072333
0 0.303737 0.539783 0.036166 0.048825
0 0.340506 0.545208 0.042194 0.056058
0 0.418867 0.582278 0.051838 0.086799
0 0.498433 0.576854 0.056661 0.101266
0 0.467089 0.536166 0.022905 0.048825
0 0.380892 0.518987 0.024111 0.043400
0 0.542435 0.564195 0.036166 0.065099
0 0.647318 0.412297 0.026522 0.032550
0 0.904099 0.450271 0.019289 0.043400
0 0.932429 0.556962 0.037372 0.061483
0 0.902291 0.548825 0.034961 0.048825
0 0.864316 0.592224 0.045811 0.070524
0 0.840808 0.547016 0.032550 0.037975
0 0.797408 0.559675 0.037372 0.056058
0 0.792586 0.621157 0.066305 0.092224
0 0.756420 0.530741 0.030139 0.045208
0 0.534599 0.520796 0.027728 0.036166
0 0.614768 0.541591 0.033755 0.037975
0 0.623810 0.575045 0.044605 0.065099
0 0.687703 0.622966 0.056661 0.084991
0 0.730500 0.576854 0.036166 0.065099
0 0.678059 0.545208 0.025316 0.045208
0 0.705184 0.552441 0.024111 0.048825