0 0.089150 0.460217 0.108499 0.142857
0 0.047559 0.358047 0.088005 0.097649
0 0.206691 0.426763 0.063894 0.068716
0 0.218143 0.320072 0.062688 0.112116
0 0.290476 0.348101 0.043400 0.088608
0 0.351356 0.493671 0.068716 0.097649
0 0.420072 0.335443 0.054250 0.095841
0 0.546052 0.373418 0.091621 0.182640
0 0.574382 0.177215 0.030139 0.072333
0 0.656962 0.180832 0.043400 0.057866
0 0.707595 0.200723 0.048222 0.061483
0 0.830561 0.325497 0.062688 0.122966
0 0.724473 0.397830 0.053044 0.126582
0 0.817902 0.510850 0.102471 0.153707
0 0.723870 0.765823 0.078360 0.157324
0 0.971338 0.629295 0.057324 0.159132
0 0.986407 0.477396 0.027185 0.122966