0 0.093507 0.581374 0.115522 0.157324
0 0.722861 0.400542 0.057761 0.117541
0 0.561612 0.386076 0.040914 0.084991
0 0.601322 0.338156 0.026474 0.079566
0 0.628999 0.303797 0.036101 0.068716
0 0.573044 0.275769 0.034897 0.066908
0 0.529121 0.293852 0.038507 0.052441
0 0.488207 0.331826 0.033694 0.084991
0 0.454513 0.301989 0.026474 0.072333
0 0.417811 0.380651 0.044524 0.084991
0 0.383515 0.316456 0.031287 0.079566
0 0.317933 0.376130 0.046931 0.075949
0 0.231291 0.376130 0.037304 0.086799
0 0.307704 0.315552 0.040914 0.048825
0 0.367270 0.287523 0.025270 0.043400
0 0.415404 0.272152 0.032491 0.056058
0 0.481589 0.283002 0.032491 0.045208
0 0.657278 0.243219 0.030084 0.070524
0 0.757758 0.287523 0.033694 0.039783
0 0.657278 0.302893 0.025270 0.063291