0 0.066506 0.195513 0.040064 0.108173
0 0.207985 0.256584 0.018813 0.048774
0 0.232372 0.248746 0.010452 0.036580
0 0.244914 0.257455 0.021600 0.050516
0 0.271042 0.249617 0.020903 0.052258
0 0.287765 0.242649 0.015329 0.038322
0 0.323648 0.262681 0.017419 0.071419
0 0.340022 0.264897 0.023690 0.058430
0 0.342497 0.232988 0.011917 0.023628
0 0.357701 0.240179 0.017669 0.031846
0 0.364275 0.276134 0.019313 0.056501
0 0.383999 0.241206 0.012738 0.038010
0 0.405367 0.236584 0.012738 0.039037
0 0.419132 0.248911 0.016437 0.030819
0 0.426323 0.269970 0.016847 0.044173
0 0.448102 0.280757 0.025066 0.069855
0 0.428789 0.229393 0.010273 0.036982
0 0.446047 0.222202 0.012738 0.034928
0 0.454797 0.312638 0.027630 0.066313
0 0.472480 0.228365 0.011052 0.035920
0 0.486019 0.228365 0.012710 0.038683
0 0.478835 0.271193 0.020447 0.052498
0 0.493479 0.314020 0.035367 0.071839
0 0.484361 0.368590 0.041446 0.087036
0 0.528294 0.383786 0.035367 0.164401
0 0.552056 0.445264 0.066313 0.160256
0 0.649038 0.516412 0.100022 0.272160
0 0.507294 0.247707 0.016578 0.035920
0 0.539069 0.221458 0.009394 0.035920
0 0.552056 0.239418 0.017683 0.044209
0 0.565042 0.202116 0.009394 0.030393
0 0.573055 0.224912 0.016578 0.040064
0 0.588252 0.250470 0.018236 0.046972
0 0.601238 0.200735 0.011052 0.044209
0 0.627210 0.220076 0.014368 0.041446
0 0.624171 0.189683 0.008289 0.033156
0 0.621961 0.294678 0.020447 0.080128
0 0.642131 0.320237 0.029841 0.073221
0 0.972204 0.469441 0.055592 0.175453
0 0.981156 0.267739 0.031499 0.084273
0 0.987787 0.209024 0.019341 0.041446
0 0.905172 0.292606 0.036472 0.098088
0 0.876713 0.256687 0.022657 0.070458
0 0.835267 0.272574 0.024867 0.074602
0 0.837754 0.221458 0.020999 0.052498
0 0.817308 0.224912 0.017683 0.051116
0 0.796032 0.287771 0.029288 0.074602
0 0.742153 0.259450 0.022104 0.056642
0 0.744640 0.202116 0.017131 0.038683
0 0.770612 0.223530 0.017131 0.042827
0 0.735522 0.371353 0.043103 0.111903
0 0.667551 0.204880 0.015473 0.044209
0 0.686616 0.239418 0.023762 0.055261
0 0.709825 0.219385 0.023762 0.034538
0 0.711207 0.268429 0.020999 0.058024