0 0.960770 0.285007 0.045600 0.091109
0 0.891611 0.402436 0.089679 0.131601
0 0.767732 0.510754 0.118559 0.145774
0 0.540908 0.579683 0.117039 0.143749
0 0.564468 0.445045 0.082079 0.093133
0 0.669347 0.386331 0.079039 0.105281
0 0.736987 0.295222 0.056240 0.080985
0 0.461524 0.506796 0.085119 0.119454
0 0.262889 0.571585 0.113999 0.147798
0 0.587535 0.274705 0.050505 0.054757
0 0.550537 0.291915 0.044632 0.054757
0 0.542315 0.354494 0.075170 0.054757
0 0.505905 0.276270 0.037585 0.054757
0 0.438369 0.288003 0.034062 0.043806
0 0.432496 0.364664 0.048156 0.071967
0 0.481239 0.386566 0.049331 0.053193
0 0.294488 0.345890 0.058727 0.053193
0 0.306234 0.419421 0.058727 0.075096
0 0.206985 0.367793 0.052854 0.071967
0 0.222254 0.497645 0.059901 0.084483
0 0.137314 0.534411 0.065774 0.082918
0 0.119536 0.367793 0.038760 0.059451
0 0.165930 0.413163 0.044632 0.059451
0 0.131868 0.453057 0.068123 0.067273