0 0.981620 0.444873 0.036760 0.082697
0 0.945087 0.467816 0.059753 0.072108
0 0.939036 0.412097 0.031011 0.041348
0 0.909538 0.431258 0.034793 0.071603
0 0.877770 0.439578 0.033280 0.064040
0 0.844868 0.430250 0.026473 0.043365
0 0.870585 0.531352 0.062779 0.090260
0 0.766205 0.499584 0.067317 0.101354
0 0.796082 0.459244 0.026473 0.068074
0 0.809886 0.423443 0.030633 0.066057
0 0.784547 0.406046 0.020800 0.036306
0 0.763558 0.416383 0.022691 0.044878
0 0.739354 0.432771 0.027229 0.053450
0 0.746351 0.351587 0.023069 0.042357
0 0.699645 0.402012 0.028742 0.054459
0 0.682437 0.414366 0.032902 0.048912
0 0.652371 0.437814 0.031768 0.056476
0 0.690379 0.478910 0.050299 0.084209
0 0.625520 0.401508 0.027986 0.052442
0 0.565956 0.387893 0.019287 0.029246
0 0.590916 0.395709 0.025338 0.029751
0 0.534566 0.400247 0.029120 0.042861
0 0.508282 0.432771 0.038575 0.071603
0 0.445503 0.339485 0.026473 0.046391
0 0.460064 0.436301 0.041979 0.063535
0 0.430943 0.416383 0.028364 0.048912
0 0.399743 0.432519 0.030255 0.063031
0 0.373270 0.425459 0.023448 0.044878
0 0.350579 0.413862 0.023448 0.052946
0 0.329211 0.420165 0.025338 0.047399
0 0.246388 0.417139 0.020044 0.030255
0 0.271916 0.441848 0.058241 0.069586
0 0.334317 0.515216 0.093034 0.131609
0 0.247523 0.621864 0.104758 0.169427
0 0.192119 0.464034 0.043113 0.086731
0 0.145413 0.447899 0.037440 0.065552
0 0.121209 0.413105 0.032146 0.061518
0 0.085092 0.412601 0.041600 0.047399
0 0.057862 0.454706 0.068074 0.108413
0 0.015317 0.427224 0.029877 0.074629
0 0.559131 0.567400 0.117994 0.206490