0 0.208702 0.599581 0.113569 0.142258
0 0.333333 0.315065 0.058997 0.127084
0 0.699115 0.400419 0.053097 0.058800
0 0.603982 0.846735 0.234513 0.306529
0 0.943215 0.850529 0.113569 0.298942
0 0.921829 0.610013 0.112094 0.128981
0 0.926991 0.534142 0.087021 0.091045
0 0.835546 0.498103 0.075221 0.098632
0 0.809735 0.572077 0.076696 0.136568
0 0.749263 0.611910 0.120944 0.170710
0 0.654130 0.589148 0.081121 0.136568
0 0.558997 0.547419 0.076696 0.166916
0 0.414454 0.593890 0.141593 0.240890
0 0.721239 0.538884 0.064897 0.115703