0 0.313301 0.930785 0.145833 0.138429
0 0.504006 0.880790 0.149038 0.230636
0 0.720353 0.757063 0.113782 0.184990
0 0.864583 0.698203 0.075321 0.144148
0 0.774840 0.692197 0.049679 0.088891
0 0.598558 0.710215 0.081731 0.120123
0 0.533654 0.676581 0.054487 0.110513
0 0.435096 0.757063 0.091346 0.160965
0 0.380609 0.771478 0.040064 0.122526
0 0.400641 0.638142 0.083333 0.120123
0 0.284455 0.717423 0.107372 0.197002
0 0.224359 0.654959 0.067308 0.139343
0 0.200321 0.875985 0.131410 0.187392
0 0.039263 0.829137 0.078526 0.281088
0 0.130609 0.739045 0.075321 0.139343
0 0.070513 0.652556 0.086538 0.120123
0 0.129006 0.614117 0.040064 0.086489
0 0.173077 0.632135 0.038462 0.093696