0 0.978429 0.606710 0.043142 0.094496
0 0.961836 0.679323 0.076327 0.134284
0 0.875430 0.514203 0.036259 0.064655
0 0.766040 0.570901 0.055924 0.092507
0 0.689835 0.406776 0.030113 0.062666
0 0.554941 0.442088 0.025811 0.045756
0 0.530359 0.460489 0.023353 0.040783
0 0.497788 0.473421 0.034415 0.058687
0 0.458764 0.468944 0.031342 0.047746
0 0.416052 0.492817 0.040560 0.061671
0 0.377950 0.501272 0.039331 0.052719
0 0.386554 0.450542 0.028269 0.048740
0 0.432645 0.445072 0.023353 0.039788
0 0.447087 0.430151 0.019051 0.035809
0 0.340462 0.392353 0.023353 0.047746
0 0.325406 0.449548 0.030113 0.046751
0 0.296522 0.465463 0.032571 0.052719
0 0.256883 0.491325 0.031957 0.058687
0 0.191126 0.495801 0.040560 0.073608
0 0.292527 0.400310 0.023353 0.053714
0 0.243977 0.403792 0.028269 0.044761
0 0.199422 0.420204 0.028884 0.053714
0 0.129978 0.412744 0.032571 0.058687
0 0.073132 0.444077 0.039331 0.059682
0 0.039024 0.378427 0.030113 0.063661
0 0.092183 0.371961 0.028269 0.052719
0 0.139503 0.360522 0.028269 0.039788
0 0.198500 0.358533 0.022124 0.047746
0 0.250123 0.354554 0.025811 0.047746
0 0.419739 0.656942 0.051622 0.083555
0 0.300209 0.620139 0.053466 0.089523
0 0.245821 0.584329 0.045477 0.077587
0 0.311885 0.748952 0.079277 0.134284
0 0.177298 0.714138 0.084194 0.146221
0 0.030113 0.643017 0.060226 0.121353
0 0.027655 0.566425 0.049164 0.063661