0 0.030078 0.533454 0.024111 0.057866
0 0.063231 0.557866 0.032550 0.052441
0 0.073478 0.685353 0.081977 0.151899
0 0.138577 0.646474 0.043400 0.059675
0 0.099397 0.595841 0.030139 0.045208
0 0.106630 0.532550 0.027728 0.045208
0 0.159674 0.525316 0.022905 0.048825
0 0.197046 0.522604 0.022905 0.057866
0 0.224774 0.518083 0.020494 0.041591
0 0.285051 0.610307 0.042194 0.081374
0 0.400181 0.609403 0.050633 0.115732
0 0.263351 0.531646 0.020494 0.039783
0 0.276010 0.498192 0.014467 0.034358
0 0.310368 0.518987 0.022905 0.036166
0 0.372453 0.500904 0.021700 0.043400
0 0.913743 0.544304 0.021700 0.061483
0 0.888427 0.542495 0.028933 0.061483
0 0.784750 0.525316 0.019289 0.056058
0 0.753406 0.523508 0.026522 0.045208
0 0.726884 0.535262 0.024111 0.036166
0 0.420072 0.511754 0.013261 0.036166
0 0.687462 0.533175 0.016310 0.037230
0 0.639595 0.529984 0.019856 0.039358
0 0.600592 0.537430 0.019856 0.039358
0 0.606265 0.504986 0.015601 0.029784
0 0.580382 0.509241 0.016310 0.036166
0 0.557689 0.494881 0.016310 0.032975
0 0.544570 0.521474 0.017019 0.035103
0 0.504148 0.521474 0.021274 0.035103
0 0.469046 0.516155 0.016310 0.035103
0 0.514786 0.506050 0.018438 0.027657