0 0.576448 0.290087 0.029755 0.058466
0 0.831287 0.372565 0.039151 0.029233
0 0.798008 0.420069 0.050897 0.080390
0 0.733444 0.414849 0.071255 0.076214
0 0.701732 0.461308 0.062642 0.108579
0 0.622789 0.527604 0.097095 0.128416
0 0.556517 0.392402 0.050114 0.056378
0 0.510318 0.413804 0.050114 0.065774
0 0.534129 0.605384 0.105708 0.164957
0 0.362754 0.438339 0.045415 0.073082
0 0.294631 0.428421 0.045415 0.061598
0 0.227896 0.429987 0.038368 0.056378
0 0.171838 0.413282 0.036019 0.039673
0 0.117454 0.435207 0.050114 0.058466
0 0.059047 0.434163 0.052463 0.056378
0 0.026552 0.462352 0.051680 0.085611
0 0.014059 0.548485 0.028118 0.090831
0 0.155359 0.485843 0.066557 0.115888
0 0.195685 0.450346 0.026623 0.049070
0 0.215260 0.510899 0.051680 0.088743
0 0.264271 0.760121 0.227390 0.265289