0 0.254006 0.271635 0.142628 0.242788
0 0.529647 0.331731 0.168269 0.300481
0 0.630609 0.396635 0.174679 0.324519
0 0.841346 0.484375 0.198718 0.341346
0 0.931891 0.610577 0.136218 0.353365
0 0.072917 0.540865 0.145833 0.310096
0 0.077724 0.219952 0.120192 0.153846
0 0.153045 0.048077 0.043269 0.088942
0 0.214744 0.050481 0.083333 0.093750
0 0.228365 0.134615 0.078526 0.127404
0 0.294872 0.088942 0.048077 0.117788
0 0.364583 0.125000 0.084936 0.122596
0 0.485577 0.138221 0.102564 0.163462
0 0.620192 0.052885 0.054487 0.084135
0 0.665064 0.061298 0.051282 0.091346
0 0.782051 0.073317 0.064103 0.129808
0 0.439103 0.046875 0.054487 0.086538
0 0.733173 0.129808 0.056090 0.122596
0 0.830128 0.098558 0.076923 0.175481
0 0.920673 0.235577 0.158654 0.218750
0 0.938301 0.073317 0.075321 0.120192