0 0.236378 0.291667 0.142628 0.336538
0 0.242788 0.084135 0.116987 0.168269
0 0.458333 0.121795 0.064103 0.176282
0 0.419872 0.045673 0.057692 0.091346
0 0.556891 0.044071 0.056090 0.088141
0 0.679487 0.052083 0.057692 0.104166
0 0.636935 0.015224 0.030617 0.030448
0 0.730854 0.019821 0.029521 0.039642
0 0.780196 0.035847 0.037112 0.071694
0 0.829116 0.047233 0.037112 0.086032
0 0.925692 0.067476 0.027834 0.086032
0 0.987939 0.019821 0.024122 0.039642
0 0.908823 0.113023 0.039642 0.102901
0 0.690368 0.170378 0.073381 0.146761
0 0.800017 0.118084 0.061572 0.109649
0 0.807608 0.239541 0.103745 0.220985
0 0.592527 0.312078 0.117240 0.247976