0 0.028661 0.408408 0.057322 0.098101
0 0.040064 0.498179 0.080128 0.136971
0 0.164879 0.382494 0.084443 0.127716
0 0.246857 0.306605 0.062253 0.096250
0 0.299864 0.391749 0.067184 0.107356
0 0.351640 0.309844 0.062253 0.093474
0 0.443787 0.254778 0.051775 0.096250
0 0.413585 0.351953 0.065335 0.103654
0 0.480769 0.302440 0.043146 0.080517
0 0.522682 0.340848 0.039448 0.081442
0 0.603735 0.320950 0.047461 0.082368
0 0.591100 0.287170 0.039448 0.077740
0 0.901750 0.067368 0.070266 0.128642
0 0.984652 0.246448 0.030202 0.090697
0 0.856755 0.282079 0.046844 0.084219
0 0.884492 0.370000 0.080128 0.119387
0 0.733173 0.263570 0.033900 0.065709
0 0.710984 0.305679 0.046228 0.086995
0 0.702046 0.257091 0.035750 0.039796
0 0.685713 0.427380 0.072115 0.095325
0 0.628390 0.503270 0.102934 0.184171
0 0.305104 0.568516 0.149162 0.260986
0 0.983173 0.597453 0.033654 0.216563