0 0.137194 0.480108 0.066011 0.092224
0 0.119422 0.586799 0.071089 0.103074
0 0.057854 0.628391 0.110441 0.142857
0 0.397429 0.490054 0.045700 0.050633
0 0.448842 0.509946 0.062203 0.133816
0 0.495176 0.529837 0.060933 0.104882
0 0.633545 0.298373 0.043161 0.068716
0 0.593558 0.548825 0.087591 0.124774
0 0.653221 0.453888 0.049508 0.094033
0 0.723675 0.504521 0.050778 0.094033
0 0.842368 0.803797 0.209458 0.330922
0 0.703364 0.732369 0.121866 0.209765
0 0.826500 0.558770 0.078705 0.101266
0 0.914726 0.471971 0.054586 0.075949
0 0.954713 0.575045 0.078705 0.104882