0 0.997633 0.399071 0.000000 0.000996
0 0.960719 0.302925 0.078561 0.205244
0 0.849551 0.250120 0.085470 0.109596
0 0.783446 0.337797 0.111310 0.205244
0 0.650091 0.359218 0.124561 0.224174
0 0.633527 0.219732 0.064931 0.076717
0 0.560314 0.219233 0.088120 0.153435
0 0.437409 0.194959 0.072881 0.129523
0 0.347542 0.201435 0.078182 0.112585
0 0.407504 0.378782 0.151726 0.258049
0 0.262223 0.202432 0.074869 0.134504
0 0.201267 0.442547 0.198105 0.293917
0 0.149347 0.294592 0.090771 0.149449
0 0.193407 0.202432 0.050354 0.084688
0 0.105196 0.174534 0.044391 0.044835
0 0.088964 0.229831 0.055655 0.135501
0 0.031893 0.208410 0.063786 0.124541