0 0.171383 0.420434 0.028481 0.059675
0 0.114421 0.418626 0.033906 0.052441
0 0.075769 0.427667 0.032550 0.048825
0 0.034403 0.427667 0.047468 0.056058
0 0.041863 0.500904 0.078662 0.086799
0 0.218174 0.510850 0.056962 0.095841
0 0.435850 0.353526 0.028481 0.045208
0 0.388382 0.490054 0.069168 0.108499
0 0.556555 0.497288 0.066456 0.079566
0 0.734222 0.508137 0.071881 0.104882
0 0.873237 0.410488 0.024412 0.050633
0 0.920705 0.439421 0.037975 0.068716
0 0.968852 0.424955 0.039331 0.054250
0 0.970886 0.509042 0.051537 0.132007