0 0.081917 0.663653 0.036166 0.050633
0 0.034901 0.673599 0.045811 0.066908
0 0.101206 0.726040 0.074744 0.084991
0 0.166305 0.688065 0.031344 0.063291
0 0.268776 0.732369 0.069922 0.130199
0 0.306751 0.701627 0.047016 0.079566
0 0.359795 0.692586 0.032550 0.054250
0 0.188005 0.673599 0.026522 0.045208
0 0.418264 0.688969 0.038577 0.043400
0 0.454430 0.716998 0.043400 0.063291
0 0.486980 0.677215 0.031344 0.052441
0 0.543038 0.699819 0.039783 0.050633
0 0.573177 0.691682 0.030139 0.048825
0 0.644304 0.590416 0.037372 0.063291
0 0.864919 0.698915 0.042194 0.048825
0 0.914949 0.790235 0.113321 0.086799