0 0.041667 0.309295 0.083333 0.242308
0 0.133814 0.340705 0.091346 0.350000
0 0.149840 0.118590 0.033654 0.121154
0 0.318109 0.219551 0.075321 0.242308
0 0.399038 0.329487 0.102564 0.327564
0 0.563301 0.515705 0.104167 0.385897
0 0.455128 0.150000 0.035256 0.157051
0 0.531250 0.107372 0.052885 0.152564
0 0.606571 0.212821 0.049679 0.166026
0 0.642628 0.075962 0.041667 0.125641
0 0.721154 0.197115 0.073718 0.251282
0 0.781250 0.066987 0.043269 0.116667
0 0.858173 0.062500 0.033654 0.089744
0 0.896635 0.102885 0.062500 0.143590
0 0.947115 0.183654 0.080128 0.269231
0 0.966499 0.037317 0.052656 0.074634