0 0.824344 0.338848 0.049296 0.072623
0 0.981678 0.652857 0.034205 0.062374
0 0.960216 0.731830 0.059691 0.109658
0 0.939089 0.672474 0.042924 0.069416
0 0.921986 0.618651 0.019450 0.032193
0 0.897506 0.656881 0.040241 0.058350
0 0.821383 0.691086 0.047619 0.092555
0 0.839156 0.622172 0.024145 0.027163
0 0.780471 0.617142 0.031522 0.039235
0 0.719438 0.663923 0.036888 0.058350
0 0.747272 0.659899 0.034876 0.070423
0 0.697640 0.631730 0.029510 0.050302
0 0.664441 0.637263 0.036888 0.041247
0 0.644320 0.666438 0.038229 0.049296
0 0.612463 0.613621 0.037559 0.040241
0 0.554326 0.872675 0.103957 0.178068
0 0.451040 0.733339 0.074447 0.094567
0 0.530516 0.685553 0.054997 0.089537
0 0.581489 0.623681 0.021462 0.036217
0 0.565392 0.608591 0.017438 0.032193
0 0.545942 0.624688 0.021462 0.034205
0 0.537223 0.601549 0.017438 0.034205
0 0.518109 0.632233 0.019450 0.027163
0 0.489604 0.650341 0.030852 0.051308
0 0.483903 0.607082 0.019450 0.027163
0 0.431590 0.670965 0.034205 0.040241
0 0.440309 0.628712 0.020791 0.040241
0 0.453722 0.608591 0.010060 0.032193
0 0.429913 0.607082 0.013414 0.031187
0 0.288153 0.817846 0.081824 0.096579
0 0.122919 0.726297 0.054997 0.106640
0 0.085025 0.708189 0.042254 0.066398
0 0.050820 0.659899 0.036888 0.064386
0 0.010152 0.563319 0.020304 0.042254
0 0.080330 0.605573 0.018109 0.042254
0 0.114536 0.605573 0.018109 0.038229
0 0.180599 0.632736 0.028169 0.066398
0 0.238278 0.659396 0.041583 0.063380
0 0.217487 0.617142 0.016097 0.031187
0 0.203738 0.605070 0.015426 0.031187
0 0.232577 0.603058 0.014085 0.031187
0 0.250351 0.597525 0.017438 0.022133
0 0.280532 0.602555 0.016097 0.036217
0 0.299646 0.613118 0.023474 0.031187
0 0.326474 0.607585 0.019450 0.040241
0 0.346595 0.603058 0.026157 0.045272
0 0.314530 0.660573 0.041210 0.059468
0 0.389648 0.608147 0.020344 0.032864
0 0.409992 0.657834 0.030777 0.057121
0 0.119224 0.650887 0.036217 0.042254
0 0.012182 0.625535 0.022535 0.036217
0 0.029486 0.601088 0.016097 0.022334
0 0.145180 0.605314 0.015694 0.025956
0 0.097293 0.616179 0.015694 0.036821