0 0.112179 0.111417 0.057692 0.100744
0 0.101763 0.023327 0.049679 0.046653
0 0.247596 0.086951 0.059295 0.126649
0 0.354968 0.057867 0.056090 0.115734
0 0.391827 0.016131 0.036859 0.032261
0 0.194712 0.008935 0.040064 0.017869
0 0.442308 0.043475 0.048077 0.086950
0 0.629808 0.043475 0.038462 0.086950
0 0.681090 0.023327 0.032051 0.046653
0 0.737981 0.044915 0.049679 0.089829
0 0.826923 0.059606 0.035256 0.106500
0 0.928686 0.053849 0.046474 0.083473
0 0.963141 0.179059 0.051282 0.109379
0 0.872596 0.189134 0.046474 0.129528
0 0.822115 0.212161 0.044872 0.118014
0 0.668269 0.131566 0.038462 0.071960
0 0.640224 0.206404 0.059295 0.123771
0 0.494391 0.297073 0.056090 0.126649
0 0.386218 0.271168 0.067308 0.143920
0 0.310897 0.334492 0.083333 0.184217
0 0.169872 0.371912 0.064103 0.207244
0 0.198718 0.268289 0.064103 0.126649
0 0.233173 0.501439 0.104167 0.293596
0 0.386218 0.809427 0.144231 0.293596