0 0.073624 0.503167 0.047887 0.095023
0 0.159539 0.497888 0.042254 0.092911
0 0.225032 0.510558 0.038028 0.080242
0 0.239116 0.623530 0.038028 0.086576
0 0.260947 0.534842 0.033803 0.069683
0 0.301793 0.507391 0.033803 0.078130
0 0.341229 0.516893 0.045070 0.067572
0 0.337004 0.630920 0.039437 0.067572
0 0.452497 0.616139 0.047887 0.071795
0 0.441933 0.693213 0.046479 0.065460
0 0.412356 0.500000 0.038028 0.088688
0 0.445455 0.515837 0.042254 0.073907
0 0.486300 0.521116 0.042254 0.084465
0 0.527145 0.524284 0.033803 0.082353
0 0.568694 0.519005 0.049296 0.088688
0 0.598976 0.521116 0.033803 0.071795
0 0.566581 0.622474 0.045070 0.076018
0 0.672215 0.640423 0.050704 0.095023
0 0.636300 0.500000 0.040845 0.097135
0 0.671511 0.514781 0.040845 0.084465
0 0.704609 0.522172 0.053521 0.090800
0 0.745455 0.523228 0.042254 0.092911
0 0.791933 0.514781 0.056338 0.088688
0 0.864469 0.557014 0.049296 0.076018
0 0.927145 0.525339 0.050704 0.105581