0 0.123743 0.535262 0.039758 0.047016
0 0.085792 0.563291 0.028915 0.037975
0 0.247235 0.576854 0.026505 0.039783
0 0.290607 0.544304 0.024096 0.028933
0 0.200248 0.608499 0.036144 0.063291
0 0.158682 0.621157 0.037349 0.048825
0 0.112298 0.653707 0.062649 0.077758
0 0.039408 0.602170 0.030120 0.057866
0 0.155068 0.880651 0.109636 0.155515
0 0.146634 0.760398 0.071083 0.088608
0 0.276150 0.792948 0.072288 0.150090
0 0.349040 0.921338 0.109636 0.142857
0 0.512891 0.835443 0.080721 0.112116
0 0.703248 0.884268 0.073492 0.119349
0 0.977826 0.755877 0.044348 0.097649
0 0.975531 0.638336 0.034939 0.072333
0 0.946616 0.605787 0.020481 0.047016
0 0.450844 0.439421 0.014458 0.043400
0 0.396332 0.566639 0.020654 0.030139
0 0.382276 0.585152 0.020080 0.032722
0 0.373670 0.611416 0.030407 0.052527
0 0.348714 0.626916 0.036717 0.043916
0 0.430181 0.580847 0.024096 0.037889
0 0.439934 0.542958 0.021801 0.031000
0 0.476651 0.560180 0.021801 0.031000
0 0.509640 0.569653 0.020080 0.032722
0 0.541767 0.543819 0.021227 0.031000
0 0.533162 0.595916 0.025817 0.043916
0 0.630119 0.534347 0.016638 0.027555
0 0.653641 0.589027 0.023522 0.033583
0 0.577624 0.641555 0.028686 0.062861
0 0.546644 0.648444 0.034423 0.071472
0 0.651059 0.661791 0.030980 0.068888
0 0.684908 0.603236 0.025243 0.027555
0 0.688350 0.579555 0.018359 0.026694
0 0.727363 0.564055 0.014916 0.031861
0 0.795168 0.531333 0.019506 0.035305
0 0.754148 0.583430 0.020080 0.032722
0 0.744682 0.601513 0.024096 0.037889
0 0.789718 0.619166 0.033849 0.071472
0 0.849097 0.641985 0.036717 0.055111
0 0.834180 0.589888 0.025243 0.047361
0 0.850531 0.500334 0.016638 0.030139
0 0.861145 0.547264 0.021801 0.037889
0 0.907042 0.567069 0.024096 0.053388
0 0.902452 0.627347 0.041307 0.068888
0 0.946628 0.546403 0.017211 0.029278
0 0.989091 0.579125 0.021818 0.036166