0 0.166581 0.049547 0.050704 0.081510
0 0.084187 0.321964 0.085915 0.137281
0 0.287004 0.269411 0.085915 0.109396
0 0.141933 0.509653 0.136620 0.233806
0 0.455314 0.479622 0.101408 0.178036
0 0.459539 0.764909 0.183099 0.323897
0 0.475032 0.300514 0.070423 0.111541
0 0.553905 0.165378 0.033803 0.055770
0 0.653905 0.163233 0.030986 0.047190
0 0.750384 0.153580 0.043662 0.066495
0 0.777145 0.215786 0.049296 0.070785
0 0.979770 0.191118 0.040460 0.072930
0 0.878553 0.291934 0.105634 0.145861
0 0.870102 0.521450 0.102817 0.141571
0 0.768694 0.652296 0.207042 0.437583