0 0.808827 0.496984 0.023815 0.036866
0 0.762163 0.579717 0.030895 0.063443
0 0.711315 0.544995 0.025746 0.031722
0 0.690074 0.558712 0.024459 0.035151
0 0.713568 0.587004 0.036688 0.033436
0 0.632790 0.544995 0.023171 0.028292
0 0.678811 0.587004 0.031539 0.055727
0 0.594493 0.560855 0.019953 0.030864
0 0.608653 0.566000 0.009655 0.029150
0 0.615733 0.616154 0.043124 0.062586
0 0.074720 0.704659 0.038212 0.131037
0 0.139356 0.744187 0.074799 0.129955
0 0.176755 0.687873 0.042277 0.080139
0 0.098298 0.590407 0.041464 0.047650
0 0.159682 0.601778 0.056912 0.059562
0 0.227976 0.571455 0.040651 0.053065
0 0.263749 0.741479 0.091059 0.111544
0 0.206431 0.648345 0.049595 0.048733
0 0.319848 0.684624 0.071547 0.086636
0 0.256665 0.601540 0.034757 0.044582
0 0.278871 0.585679 0.034113 0.052298
0 0.329398 0.613543 0.046343 0.049726
0 0.405026 0.557816 0.032826 0.037723
0 0.457776 0.709565 0.073376 0.099451
0 0.437501 0.634976 0.041837 0.049726
0 0.422054 0.610113 0.050848 0.087449
0 0.480304 0.592538 0.047630 0.047154
0 0.528577 0.633690 0.041193 0.066015
0 0.533200 0.580535 0.028321 0.031722
0 0.543411 0.565961 0.023815 0.026578
0 0.567225 0.573248 0.018666 0.032579
0 0.488379 0.562103 0.030895 0.024005
0 0.449438 0.586537 0.022528 0.050583