0 0.079238 0.458901 0.064103 0.216855
0 0.174056 0.540221 0.052528 0.167570
0 0.260862 0.558703 0.055199 0.174962
0 0.343661 0.614149 0.055199 0.152784
0 0.415331 0.637560 0.056090 0.155248
0 0.483440 0.591971 0.053419 0.152784
0 0.554220 0.564864 0.050748 0.157713
0 0.642361 0.569793 0.052528 0.162641
0 0.726941 0.594435 0.050748 0.142927
0 0.822650 0.594435 0.049858 0.182355
0 0.937945 0.558703 0.070335 0.204534
0 0.641471 0.908109 0.079238 0.183781
0 0.475427 0.867968 0.078348 0.241498
0 0.338764 0.847022 0.084580 0.243962