0 0.192308 0.071996 0.053419 0.143992
0 0.068443 0.492704 0.066106 0.166810
0 0.025374 0.773103 0.050748 0.196994
0 0.146902 0.759599 0.094818 0.271661
0 0.252070 0.475229 0.076790 0.176342
0 0.296808 0.630918 0.084802 0.115972
0 0.302150 0.762777 0.086138 0.246243
0 0.381944 0.194035 0.073451 0.189051
0 0.416333 0.074379 0.059428 0.148758
0 0.444044 0.447427 0.054754 0.155689
0 0.554888 0.430746 0.065438 0.160455
0 0.631010 0.511768 0.073451 0.173164
0 0.705128 0.505413 0.074786 0.169987
0 0.755542 0.487938 0.054087 0.157278
0 0.749866 0.366405 0.048077 0.127093
0 0.853365 0.407711 0.060096 0.165221
0 0.954861 0.406916 0.056090 0.150923