0 0.218095 0.449789 0.147619 0.360213
0 0.542500 0.426866 0.125000 0.288170
0 0.660952 0.330809 0.083333 0.139719
0 0.796667 0.095033 0.069048 0.148451
0 0.806190 0.473803 0.116667 0.251057
0 0.937738 0.372288 0.077381 0.187747
0 0.871071 0.283872 0.029762 0.085141
0 0.985357 0.319894 0.025000 0.100423
0 0.619881 0.242393 0.036905 0.076409
0 0.578810 0.253309 0.028571 0.045845
0 0.475833 0.242393 0.025000 0.050211
0 0.447262 0.296971 0.041667 0.115705
0 0.398452 0.264224 0.048810 0.124437
0 0.345476 0.290422 0.050000 0.172466
0 0.306786 0.246759 0.034524 0.085141
0 0.273452 0.233661 0.029762 0.063310
0 0.238333 0.241302 0.038095 0.065493
0 0.192500 0.243485 0.041667 0.061127
0 0.140714 0.244576 0.038095 0.085141
0 0.084762 0.293696 0.071429 0.183381
0 0.043095 0.242393 0.023810 0.089507
0 0.028214 0.196548 0.027381 0.063310
0 0.219286 0.153977 0.021429 0.056761