0 0.922995 0.304981 0.022348 0.033550
0 0.866776 0.303409 0.020253 0.030405
0 0.836047 0.291352 0.023046 0.033550
0 0.698754 0.162394 0.020951 0.027259
0 0.718054 0.274577 0.016761 0.029356
0 0.991178 0.344297 0.017643 0.034598
0 0.979563 0.378896 0.023745 0.036695
0 0.957215 0.381517 0.022348 0.044034
0 0.934867 0.395671 0.025141 0.053470
0 0.917757 0.418736 0.030030 0.053470
0 0.888076 0.379944 0.032125 0.055567
0 0.890870 0.439753 0.036315 0.077584
0 0.858745 0.457576 0.037712 0.071293
0 0.824715 0.480117 0.046093 0.074439
0 0.806557 0.418784 0.032125 0.052422
0 0.857888 0.365838 0.016063 0.040889
0 0.819826 0.340151 0.018158 0.033550
0 0.838682 0.336482 0.016761 0.034598
0 0.793732 0.350636 0.022348 0.046131
0 0.787447 0.285109 0.019554 0.036695
0 0.773130 0.344345 0.025840 0.050325
0 0.767194 0.426647 0.037712 0.066051
0 0.750783 0.375274 0.028633 0.042986
0 0.735418 0.317610 0.023046 0.032501
0 0.749703 0.543595 0.056822 0.103795
0 0.715896 0.401008 0.030728 0.063954
0 0.696690 0.346490 0.021650 0.038792
0 0.685516 0.266285 0.016063 0.027259
0 0.679231 0.302455 0.018856 0.030405
0 0.663518 0.258946 0.018158 0.029356
0 0.671485 0.416735 0.038411 0.059761
0 0.660756 0.601307 0.067742 0.132103
0 0.644344 0.491364 0.047489 0.072342
0 0.632472 0.419546 0.039109 0.065003
0 0.655867 0.377609 0.024443 0.039840
0 0.637011 0.357165 0.016063 0.032501
0 0.662153 0.345108 0.023046 0.031453
0 0.641201 0.297928 0.016063 0.037744
0 0.631773 0.292686 0.020951 0.033550
0 0.615012 0.322042 0.019554 0.029356
0 0.585713 0.350350 0.021650 0.031453
0 0.577332 0.302646 0.016063 0.026211
0 0.611902 0.291638 0.012571 0.027259
0 0.514701 0.664594 0.093582 0.176137
0 0.522034 0.534588 0.067742 0.094359
0 0.545778 0.453763 0.052378 0.088068
0 0.524129 0.410015 0.041204 0.069197
0 0.528668 0.369793 0.032125 0.039840
0 0.345599 0.589440 0.083106 0.147829
0 0.425214 0.481452 0.053775 0.087020
0 0.451403 0.392859 0.040506 0.060809
0 0.416833 0.353019 0.032824 0.044034
0 0.380867 0.390762 0.041902 0.065003
0 0.284714 0.413303 0.052378 0.072342
0 0.207068 0.549075 0.077519 0.134199
0 0.177387 0.404916 0.060060 0.053470
0 0.134976 0.376084 0.039109 0.069197
0 0.044188 0.464152 0.079614 0.090165
0 0.015809 0.412779 0.031617 0.092262
0 0.029173 0.333098 0.034220 0.052422
0 0.065837 0.343535 0.046093 0.052517
0 0.084344 0.306887 0.030030 0.048228
0 0.165705 0.288445 0.029332 0.034598
0 0.180720 0.354496 0.034220 0.053470
0 0.125898 0.345584 0.039109 0.039840
0 0.116470 0.308365 0.031427 0.032501
0 0.123104 0.288969 0.029332 0.027259
0 0.211385 0.291590 0.025840 0.034598
0 0.244399 0.287920 0.020253 0.031453
0 0.232177 0.327237 0.026538 0.053470
0 0.262207 0.358165 0.046093 0.060809
0 0.274619 0.304695 0.025840 0.041937
0 0.304491 0.297356 0.022348 0.039840
0 0.334711 0.332479 0.039109 0.061858
0 0.365376 0.328809 0.022348 0.033550
0 0.367820 0.285824 0.023046 0.033550
0 0.390867 0.280057 0.017459 0.026211
0 0.463878 0.276388 0.013269 0.025162
0 0.456196 0.326712 0.024443 0.035647
0 0.439435 0.308889 0.017459 0.031453
0 0.424071 0.293163 0.016063 0.031453
0 0.404167 0.293163 0.011174 0.031453
0 0.391946 0.306792 0.018856 0.027259
0 0.489655 0.295259 0.020253 0.027259
0 0.477782 0.278485 0.014666 0.035647
0 0.524161 0.290017 0.020951 0.025162
0 0.512987 0.317801 0.025141 0.030405
0 0.545651 0.300502 0.018856 0.020969
0 0.546794 0.265379 0.018856 0.026211
0 0.570031 0.317801 0.014666 0.034598
0 0.603902 0.270097 0.016761 0.029356
0 0.572475 0.274815 0.020951 0.028308