0 0.006213 0.295684 0.012425 0.045333
0 0.066145 0.305204 0.055760 0.033546
0 0.066825 0.339204 0.065279 0.034453
0 0.060025 0.438483 0.103359 0.184052
0 0.243747 0.293871 0.039440 0.061653
0 0.342377 0.305658 0.034680 0.056213
0 0.250423 0.400403 0.058480 0.111519
0 0.410933 0.302484 0.033320 0.058933
0 0.451084 0.319711 0.050320 0.082506
0 0.502361 0.324244 0.037400 0.075253
0 0.529901 0.272564 0.029920 0.046240
0 0.582323 0.271204 0.031280 0.050773
0 0.595583 0.339204 0.052360 0.067093
0 0.596263 0.425337 0.057800 0.126932
0 0.638113 0.282991 0.041480 0.058026
0 0.705371 0.278911 0.034680 0.048053
0 0.741009 0.231682 0.032640 0.055306
0 0.803506 0.295602 0.044880 0.068906
0 0.756247 0.306028 0.036040 0.058933
0 0.707967 0.348641 0.042840 0.071626
0 0.761687 0.389894 0.059160 0.101546
0 0.941236 0.312828 0.043520 0.058026