0 0.019934 0.083051 0.039867 0.091646
0 0.048190 0.087392 0.037132 0.069458
0 0.123734 0.115851 0.035851 0.060776
0 0.047550 0.150097 0.053777 0.075246
0 0.037627 0.265378 0.074904 0.182327
0 0.117972 0.184826 0.037132 0.069458
0 0.157025 0.165050 0.044814 0.110940
0 0.120533 0.281295 0.069142 0.127339
0 0.232569 0.180967 0.048656 0.088752
0 0.267460 0.314095 0.077465 0.171715
0 0.312187 0.169874 0.055058 0.095505
0 0.374607 0.295766 0.092830 0.148563
0 0.496188 0.288048 0.054417 0.131198
0 0.482423 0.178073 0.033291 0.077175
0 0.407199 0.145756 0.030090 0.066564
0 0.447852 0.149133 0.034571 0.054023
0 0.344779 0.126462 0.029449 0.058846
0 0.518915 0.152027 0.025608 0.063670
0 0.543563 0.148650 0.030090 0.053058
0 0.572576 0.206532 0.033291 0.070423
0 0.608107 0.209426 0.031370 0.053058
0 0.599144 0.171803 0.027529 0.026047
0 0.645559 0.174697 0.025608 0.047270
0 0.682051 0.190132 0.030730 0.062705
0 0.689413 0.147686 0.021127 0.031835
0 0.726865 0.247531 0.055058 0.081034
0 0.721424 0.188685 0.027529 0.036658
0 0.720783 0.155885 0.019846 0.030870
0 0.747032 0.162156 0.026248 0.039552
0 0.770079 0.201708 0.035211 0.049199
0 0.800489 0.180967 0.024328 0.027011
0 0.791846 0.254766 0.053137 0.070423
0 0.855547 0.262484 0.039693 0.068493
0 0.820335 0.217143 0.025608 0.045341
0 0.849144 0.205085 0.029449 0.034729
0 0.876848 0.244155 0.037132 0.058846
0 0.904057 0.265378 0.048015 0.074281
0 0.941829 0.256213 0.050576 0.092610
0 0.969998 0.281778 0.035211 0.058846
0 0.979601 0.243672 0.024968 0.034729