0 0.917099 0.602170 0.070603 0.068716
0 0.888587 0.656420 0.081465 0.072333
0 0.686962 0.575949 0.050237 0.066908
0 0.587167 0.614828 0.062456 0.057866
0 0.441210 0.832731 0.126270 0.168174
0 0.240942 0.678119 0.089611 0.130199
0 0.417449 0.553345 0.054310 0.065099
0 0.518601 0.556058 0.047521 0.066908
0 0.394367 0.539783 0.035301 0.052441
0 0.323765 0.495479 0.029870 0.036166
0 0.287105 0.499096 0.032586 0.039783
0 0.202246 0.508137 0.039375 0.047016
0 0.211072 0.552441 0.051594 0.059675
0 0.111277 0.532550 0.050237 0.052441
0 0.096342 0.486438 0.036659 0.032550