0 0.011808 0.483018 0.023616 0.170940
0 0.137061 0.426788 0.108806 0.137202
0 0.291414 0.409357 0.085189 0.133828
0 0.082237 0.317139 0.063259 0.082096
0 0.211285 0.275529 0.064946 0.077598
0 0.017960 0.249372 0.035920 0.069183
0 0.025696 0.226569 0.042551 0.064839
0 0.084273 0.250147 0.048077 0.055998
0 0.081786 0.210728 0.034262 0.030209
0 0.129587 0.195623 0.041446 0.038314
0 0.153073 0.237990 0.041998 0.068523
0 0.196729 0.191202 0.029841 0.022104
0 0.205570 0.222149 0.030946 0.038314
0 0.238727 0.190466 0.029841 0.041261
0 0.265528 0.220675 0.041446 0.058945
0 0.279896 0.180519 0.029288 0.040525
0 0.468750 0.705128 0.180734 0.231481
0 0.302261 0.294397 0.054309 0.062915
0 0.313390 0.219017 0.033832 0.049858
0 0.327190 0.177469 0.024038 0.037987
0 0.356571 0.172721 0.025819 0.040361
0 0.365028 0.209520 0.030271 0.045109
0 0.406428 0.172127 0.025819 0.036800
0 0.405983 0.217236 0.040954 0.053419
0 0.462518 0.192308 0.029380 0.036800
0 0.441150 0.236823 0.038283 0.052232
0 0.374822 0.259378 0.042735 0.066477
0 0.492788 0.232669 0.040064 0.062915
0 0.520388 0.230888 0.036503 0.052232
0 0.514601 0.186372 0.030271 0.039174
0 0.544427 0.185185 0.029380 0.027303
0 0.567130 0.219017 0.039174 0.052232
0 0.598736 0.220798 0.031161 0.058167
0 0.644142 0.213082 0.032942 0.056980
0 0.659277 0.197056 0.022258 0.036800
0 0.679309 0.205366 0.026709 0.015432
0 0.698006 0.201804 0.024929 0.041548
0 0.471421 0.344848 0.072115 0.097341
0 0.510595 0.330009 0.057870 0.091406
0 0.605858 0.292616 0.057870 0.090218
0 0.654380 0.293803 0.055199 0.075973
0 0.689548 0.254036 0.045406 0.077160
0 0.728722 0.268281 0.038283 0.058167
0 0.768340 0.250475 0.046296 0.062915
0 0.798166 0.260565 0.031161 0.066477
0 0.808850 0.230888 0.040064 0.064103
0 0.841791 0.230888 0.032942 0.056980
0 0.866275 0.227327 0.030271 0.049858
0 0.884526 0.202991 0.020477 0.051045
0 0.984776 0.277184 0.030448 0.049858
0 0.978098 0.303894 0.043803 0.032051
0 0.964744 0.356719 0.070512 0.097341
0 0.905449 0.385209 0.092593 0.109212
0 0.850249 0.437441 0.105057 0.142450
0 0.745637 0.467711 0.114850 0.181624
0 0.609865 0.570988 0.142450 0.205366