0 0.021007 0.414335 0.035083 0.042111
0 0.349893 0.404306 0.023422 0.027364
0 0.354208 0.430302 0.032873 0.034478
0 0.321335 0.443163 0.037804 0.033931
0 0.282092 0.474632 0.050542 0.076072
0 0.192102 0.509657 0.071088 0.081544
0 0.127564 0.567967 0.094872 0.079399
0 0.027244 0.671271 0.054487 0.106719
0 0.579167 0.416853 0.028846 0.046956
0 0.617308 0.445881 0.033333 0.064031
0 0.639423 0.484726 0.054487 0.070008
0 0.635897 0.544489 0.069231 0.061470
0 0.772756 0.573943 0.095513 0.108427
0 0.808654 0.718228 0.128846 0.149407
0 0.883654 0.465517 0.051923 0.048664
0 0.969231 0.438624 0.041026 0.035858
0 0.906731 0.424964 0.031410 0.037565
0 0.867628 0.405754 0.026282 0.033296
0 0.728526 0.418134 0.027564 0.034150
0 0.753205 0.426244 0.037179 0.031589
0 0.787821 0.433928 0.046154 0.024759