0 0.100756 0.172694 0.042563 0.070524
0 0.219325 0.173599 0.036483 0.068716
0 0.311749 0.150995 0.038915 0.063291
0 0.410252 0.163653 0.041347 0.063291
0 0.498419 0.143761 0.037699 0.063291
0 0.538550 0.220615 0.037699 0.086799
0 0.661376 0.215190 0.037699 0.061483
0 0.721572 0.338156 0.068101 0.122966
0 0.472881 0.341772 0.064453 0.122966
0 0.369513 0.228752 0.047428 0.084991
0 0.243647 0.254069 0.058373 0.084991
0 0.114741 0.285714 0.070533 0.097649
0 0.029007 0.475588 0.057156 0.180832
0 0.280738 0.409584 0.076614 0.135624
0 0.875408 0.302893 0.232274 0.377939