0 0.045723 0.539796 0.085546 0.234353
0 0.175516 0.456888 0.106195 0.183503
0 0.144543 0.299916 0.076696 0.130442
0 0.188791 0.271174 0.058997 0.112755
0 0.101032 0.280018 0.045723 0.103911
0 0.484513 0.104253 0.078171 0.128231
0 0.368732 0.312076 0.091445 0.123809
0 0.567109 0.391667 0.110619 0.141496
0 0.601770 0.260120 0.070796 0.121598
0 0.556047 0.255698 0.044248 0.103911
0 0.659292 0.229168 0.064897 0.081802
0 0.745575 0.250171 0.066372 0.119387
0 0.705015 0.461310 0.123894 0.179081
0 0.851032 0.308759 0.088496 0.134863
0 0.892330 0.255698 0.061947 0.112755
0 0.968289 0.212586 0.063422 0.106122
0 0.971239 0.409354 0.057522 0.198979
0 0.878319 0.628231 0.184366 0.313944