0 0.651116 0.322739 0.018993 0.033832
0 0.758844 0.307158 0.030271 0.054309
0 0.593245 0.315616 0.018400 0.035613
0 0.529143 0.330751 0.020774 0.039174
0 0.516382 0.284455 0.022555 0.030271
0 0.477505 0.297365 0.020774 0.041845
0 0.493827 0.349003 0.023742 0.036503
0 0.439221 0.346777 0.020180 0.039174
0 0.398564 0.304487 0.020774 0.036503
0 0.352861 0.315171 0.021961 0.032942
0 0.350783 0.380164 0.027303 0.052528
0 0.299739 0.317842 0.023742 0.036503
0 0.298552 0.411770 0.033238 0.055199
0 0.248101 0.328526 0.027303 0.036503
0 0.160553 0.335648 0.021961 0.040064
0 0.110176 0.359718 0.033768 0.045501
0 0.107028 0.382040 0.030907 0.047218
0 0.079270 0.392342 0.042926 0.059238
0 0.147951 0.446858 0.053228 0.066964
0 0.155391 0.529275 0.066964 0.101305
0 0.258700 0.548163 0.072115 0.118475
0 0.375458 0.682521 0.078984 0.133070
0 0.764080 0.659341 0.108745 0.160543
0 0.809295 0.524124 0.053800 0.091003
0 0.608974 0.558036 0.072115 0.098729
0 0.474760 0.500086 0.060096 0.096154
0 0.378606 0.370021 0.034913 0.047218