0 0.869720 0.695298 0.026617 0.056058
0 0.872889 0.757685 0.027884 0.065099
0 0.771491 0.686257 0.035489 0.056058
0 0.703682 0.683544 0.031687 0.054250
0 0.493282 0.944846 0.064641 0.092224
0 0.039529 0.792948 0.031687 0.059675
0 0.081356 0.797468 0.026617 0.043400
0 0.104170 0.785714 0.041826 0.063291
0 0.129519 0.773960 0.016477 0.039783
0 0.158037 0.797468 0.025349 0.043400
0 0.203033 0.794756 0.036757 0.081374
0 0.241690 0.757685 0.030419 0.065099
0 0.282249 0.754069 0.032954 0.068716
0 0.301895 0.751356 0.029152 0.041591
0 0.370338 0.764014 0.031687 0.056058
0 0.367169 0.720615 0.035489 0.034358
0 0.422938 0.746835 0.035489 0.050633
0 0.483776 0.749548 0.022814 0.041591
0 0.529405 0.745027 0.032954 0.047016
0 0.547783 0.733273 0.021547 0.037975
0 0.602285 0.714286 0.029152 0.050633
0 0.631436 0.728752 0.021547 0.050633