0 0.012291 0.455633 0.021773 0.109338
0 0.071639 0.450507 0.053378 0.128700
0 0.128178 0.447660 0.035820 0.104782
0 0.194550 0.443104 0.050569 0.091115
0 0.266540 0.448230 0.076556 0.181091
0 0.331507 0.465314 0.030903 0.062642
0 0.369434 0.439687 0.042141 0.084282
0 0.980405 0.467591 0.039190 0.069475
0 0.929555 0.495495 0.041438 0.093393
0 0.884605 0.451077 0.034415 0.063781
0 0.871260 0.497773 0.034415 0.075170
0 0.834036 0.488662 0.040034 0.086559
0 0.801025 0.447660 0.028796 0.082004
0 0.766962 0.453355 0.040736 0.095671
0 0.719553 0.465883 0.044248 0.111616
0 0.659854 0.442535 0.061104 0.110477
0 0.587512 0.457341 0.051271 0.115033
0 0.534485 0.453355 0.043545 0.125283
0 0.453715 0.475564 0.054783 0.133256