0 0.989827 0.386706 0.020346 0.057483
0 0.854236 0.351693 0.062709 0.081522
0 0.798147 0.378867 0.024387 0.043896
0 0.849359 0.479202 0.133779 0.179766
0 0.765399 0.455163 0.024387 0.048077
0 0.739618 0.475021 0.029961 0.048077
0 0.729167 0.552362 0.046683 0.089883
0 0.977285 0.660535 0.045429 0.097199
0 0.649038 0.350125 0.048077 0.107651
0 0.687709 0.538253 0.032051 0.082567
0 0.502369 0.505853 0.054348 0.070025
0 0.449763 0.413357 0.034142 0.056438
0 0.472408 0.315113 0.033445 0.054348
0 0.376603 0.326610 0.043896 0.077341
0 0.350474 0.329745 0.023690 0.066890
0 0.292991 0.343855 0.045290 0.072115
0 0.392628 0.524666 0.055045 0.078386
0 0.231327 0.332358 0.040412 0.059574
0 0.098244 0.383048 0.100334 0.181856
0 0.148411 0.433215 0.048774 0.043896