0 0.238051 0.456790 0.111915 0.205761
0 0.111602 0.239712 0.082846 0.137860
0 0.251132 0.263374 0.062498 0.086420
0 0.387028 0.271605 0.046510 0.078189
0 0.467694 0.266461 0.059591 0.109053
0 0.544000 0.262346 0.034883 0.072016
0 0.616671 0.265432 0.029069 0.065844
0 0.649374 0.296296 0.056684 0.074074
0 0.738760 0.258230 0.029069 0.072016
0 0.840501 0.252058 0.037789 0.055556
0 0.817246 0.297325 0.061044 0.076132
0 0.933521 0.303498 0.087206 0.096708
0 0.907359 0.479424 0.113368 0.144033
0 0.706058 0.544239 0.138077 0.187243