0 0.086548 0.250265 0.048810 0.137566
0 0.061548 0.143386 0.046429 0.088889
0 0.009643 0.215344 0.019286 0.131217
0 0.178810 0.192063 0.033333 0.076190
0 0.284167 0.243915 0.051190 0.112169
0 0.307976 0.189947 0.032143 0.088889
0 0.396667 0.219577 0.040476 0.084656
0 0.482381 0.200529 0.030952 0.080423
0 0.524643 0.208995 0.046429 0.126984
0 0.560357 0.180423 0.034524 0.107937
0 0.596071 0.166667 0.027381 0.076190
0 0.658571 0.203704 0.030952 0.095238
0 0.697857 0.193122 0.030952 0.078307
0 0.791905 0.187831 0.035714 0.088889
0 0.920476 0.396296 0.092857 0.184127