0 0.956603 0.224431 0.083354 0.153788
0 0.914092 0.153163 0.031675 0.058765
0 0.941182 0.136909 0.025840 0.048762
0 0.869498 0.187547 0.054180 0.105026
0 0.801981 0.165041 0.027507 0.070018
0 0.751552 0.146287 0.041677 0.057514
0 0.768639 0.196924 0.049179 0.096274
0 0.752840 0.335936 0.121697 0.213803
0 0.683997 0.235286 0.064183 0.115029
0 0.662741 0.172770 0.046678 0.072518
0 0.609622 0.162768 0.038343 0.062516
0 0.579842 0.219032 0.045011 0.087522
0 0.534224 0.210280 0.036676 0.085021
0 0.484136 0.212780 0.051680 0.085021
0 0.530815 0.391575 0.123364 0.262566
0 0.395099 0.198402 0.046678 0.083771
0 0.368425 0.319682 0.073352 0.153788
0 0.302955 0.246539 0.051680 0.092523
0 0.267756 0.569120 0.185880 0.365091
0 0.196526 0.308202 0.089189 0.151288
0 0.148598 0.258815 0.051680 0.110028
0 0.048573 0.295699 0.073352 0.116279