0 0.605769 0.510442 0.064103 0.097459
0 0.797276 0.617183 0.046474 0.083536
0 0.919071 0.607901 0.062500 0.055691
0 0.918269 0.653150 0.067308 0.071934
0 0.976763 0.690277 0.046474 0.136907
0 0.871795 0.766852 0.080128 0.104420
0 0.569712 0.612542 0.033654 0.055691
0 0.495994 0.661272 0.049679 0.064973
0 0.469551 0.704200 0.032051 0.048730
0 0.397436 0.703040 0.044872 0.074255
0 0.370192 0.636907 0.035256 0.058011
0 0.339744 0.653150 0.038462 0.058011
0 0.352564 0.739007 0.044872 0.067293
0 0.233173 0.668233 0.033654 0.046409
0 0.258013 0.762211 0.051282 0.067293
0 0.237179 0.612542 0.028846 0.051050
0 0.186699 0.641548 0.030449 0.048730
0 0.216346 0.555691 0.028846 0.044089
0 0.328526 0.477956 0.041667 0.055691
0 0.185096 0.562652 0.024038 0.044089
0 0.126603 0.569614 0.025641 0.044089
0 0.092949 0.567293 0.025641 0.048730
0 0.105769 0.662432 0.025641 0.039448
0 0.072115 0.590498 0.032051 0.044089
0 0.038462 0.679835 0.044872 0.055691
0 0.074519 0.546409 0.024038 0.044089
0 0.029647 0.593978 0.024038 0.041768