0 0.232225 0.846708 0.234286 0.306584
0 0.723916 0.696502 0.144887 0.191358
0 0.939797 0.710905 0.120406 0.248971
0 0.040327 0.398148 0.050865 0.084362
0 0.092733 0.408436 0.047782 0.092593
0 0.203710 0.373457 0.057030 0.076132
0 0.170571 0.472222 0.080150 0.121399
0 0.294650 0.396091 0.047782 0.067901
0 0.353221 0.418724 0.069361 0.121399
0 0.420270 0.442387 0.064737 0.111111
0 0.479612 0.412551 0.047782 0.080247
0 0.520458 0.411523 0.040075 0.057613
0 0.593672 0.376543 0.106353 0.135802
0 0.669198 0.391975 0.044699 0.067901
0 0.726999 0.363169 0.070902 0.117284
0 0.874969 0.411523 0.077068 0.102881
0 0.948183 0.379630 0.066278 0.084362