0 0.873894 0.506883 0.110619 0.159292
0 0.811209 0.445919 0.073746 0.119961
0 0.661504 0.423304 0.060472 0.082596
0 0.587758 0.403638 0.054572 0.086529
0 0.525811 0.387906 0.048673 0.062930
0 0.443953 0.385939 0.044248 0.066863
0 0.375369 0.375123 0.048673 0.060964
0 0.339233 0.343658 0.044248 0.064897
0 0.335546 0.454769 0.087021 0.117994
0 0.216077 0.430187 0.042773 0.080629
0 0.188791 0.409538 0.050147 0.078663
0 0.120206 0.379056 0.045723 0.072763
0 0.086283 0.344641 0.051622 0.070796
0 0.156342 0.346608 0.035398 0.058997