0 0.061653 0.801085 0.093987 0.173599
0 0.147809 0.753165 0.101820 0.160940
0 0.209161 0.509946 0.091377 0.119349
0 0.313592 0.465642 0.065269 0.128391
0 0.406926 0.488246 0.066574 0.130199
0 0.502219 0.419530 0.056131 0.108499
0 0.582500 0.500000 0.049604 0.110307
0 0.660823 0.455696 0.054826 0.122966
0 0.738493 0.524412 0.069185 0.119349
0 0.827259 0.455696 0.082239 0.119349
0 0.401052 0.752260 0.083544 0.086799
0 0.179138 0.952080 0.203639 0.095840
0 0.661475 0.814647 0.074407 0.135624
0 0.790055 0.936709 0.203639 0.126582
0 0.765906 0.809222 0.137065 0.121157
0 0.668002 0.726040 0.063964 0.045208