0 0.117994 0.456815 0.041298 0.073082
0 0.188053 0.546507 0.045723 0.070867
0 0.179204 0.452386 0.036873 0.064224
0 0.292773 0.405879 0.039823 0.055365
0 0.276549 0.523253 0.045723 0.059794
0 0.334808 0.538756 0.038348 0.081940
0 0.385693 0.431347 0.030973 0.066438
0 0.457227 0.440206 0.038348 0.062009
0 0.520649 0.436884 0.032448 0.064224
0 0.502950 0.545399 0.044248 0.086370
0 0.605457 0.537648 0.039823 0.075297
0 0.601770 0.433562 0.047198 0.079726
0 0.688053 0.416952 0.045723 0.068653
0 0.792773 0.457923 0.030973 0.062009
0 0.912242 0.473425 0.039823 0.084155
0 0.825221 0.548721 0.042773 0.079726
0 0.708702 0.549829 0.057522 0.090799