0 0.214806 0.523508 0.105984 0.160940
0 0.107015 0.476492 0.083101 0.124774
0 0.139533 0.368897 0.059014 0.090416
0 0.257561 0.392405 0.073466 0.101266
0 0.325005 0.347197 0.049379 0.075949
0 0.417742 0.433092 0.049379 0.110307
0 0.414129 0.353526 0.037335 0.045208
0 0.460497 0.362568 0.033722 0.077758
0 0.567083 0.217902 0.027700 0.052441
0 0.533963 0.396926 0.038540 0.092224
0 0.509876 0.340868 0.033722 0.059675
0 0.562266 0.323689 0.022883 0.065099
0 0.678487 0.440325 0.038540 0.092224
0 0.704983 0.604882 0.091532 0.139241
0 0.876606 0.213382 0.059014 0.108499
0 0.633926 0.352622 0.019270 0.072333