0 0.895858 0.468601 0.058570 0.087281
0 0.851499 0.556456 0.062877 0.113695
0 0.789484 0.617897 0.109388 0.149297
0 0.720813 0.454820 0.055986 0.089578
0 0.679900 0.373855 0.041344 0.065461
0 0.647952 0.441613 0.055125 0.072351
0 0.683267 0.543249 0.075797 0.110250
0 0.650341 0.715514 0.100775 0.160781
0 0.597721 0.489847 0.057709 0.093023
0 0.483791 0.462859 0.057709 0.068906
0 0.466134 0.416921 0.041344 0.052828
0 0.410579 0.415773 0.040482 0.075797
0 0.426944 0.525448 0.061154 0.099914
0 0.484653 0.664983 0.100775 0.153890
0 0.359878 0.522003 0.063738 0.097617
0 0.313797 0.460562 0.045650 0.066609
0 0.266855 0.405437 0.041344 0.048234
0 0.267716 0.453097 0.049957 0.047086
0 0.220774 0.398546 0.050818 0.064312
0 0.209146 0.493292 0.051680 0.111398
0 0.155313 0.448503 0.040482 0.060867
0 0.111855 0.460562 0.035314 0.084984
0 0.081709 0.423812 0.043928 0.066609
0 0.159228 0.595503 0.085271 0.141258
0 0.014760 0.466878 0.029520 0.081539