0 0.356932 0.575694 0.132743 0.235988
0 0.561947 0.558997 0.085546 0.202594
0 0.709440 0.522263 0.091445 0.195915
0 0.911504 0.561223 0.070796 0.149162
0 0.871681 0.446569 0.061947 0.106863
0 0.872419 0.209467 0.051622 0.091278
0 0.767699 0.229504 0.039823 0.069015
0 0.806785 0.278483 0.032448 0.073468
0 0.749263 0.300746 0.070796 0.122447
0 0.673304 0.231730 0.054572 0.109089
0 0.991888 0.320783 0.016224 0.126899
0 0.596608 0.308538 0.072271 0.080147
0 0.656342 0.413174 0.073746 0.129126
0 0.552360 0.269578 0.048673 0.100184
0 0.429941 0.242862 0.054572 0.091278
0 0.540560 0.418740 0.089971 0.117994
0 0.481563 0.304085 0.060472 0.120220
0 0.403392 0.425419 0.087021 0.126899
0 0.401180 0.337480 0.088496 0.102410
0 0.331858 0.248428 0.076696 0.124673
0 0.194690 0.230617 0.076696 0.115768
0 0.066372 0.225051 0.082596 0.113541
0 0.114307 0.410948 0.110619 0.187010
0 0.153392 0.296293 0.064897 0.095731
0 0.247050 0.407608 0.095870 0.144710
0 0.238201 0.299633 0.078171 0.057884