0 0.134218 0.143922 0.041298 0.082086
0 0.164454 0.194949 0.063422 0.086524
0 0.307522 0.122846 0.060472 0.106490
0 0.439528 0.122846 0.047198 0.106490
0 0.544985 0.121737 0.054572 0.090961
0 0.673304 0.113972 0.036873 0.097616
0 0.692478 0.170545 0.051622 0.104272
0 0.800885 0.085131 0.067847 0.115365
0 0.925516 0.133939 0.063422 0.106490
0 0.962389 0.318079 0.075221 0.137550
0 0.839233 0.260396 0.064897 0.119802
0 0.706490 0.381307 0.050147 0.099835
0 0.438053 0.243757 0.050147 0.104272
0 0.406342 0.228227 0.045723 0.095398
0 0.185841 0.343592 0.053097 0.104272
0 0.294248 0.323625 0.075221 0.144206