0 0.961678 0.361578 0.062250 0.084641
0 0.837765 0.332082 0.054029 0.076946
0 0.821908 0.453272 0.071647 0.075663
0 0.739104 0.446219 0.049331 0.074381
0 0.753198 0.342342 0.035236 0.046168
0 0.707978 0.335930 0.052854 0.076946
0 0.646048 0.342342 0.048156 0.066686
0 0.596130 0.319899 0.039934 0.075663
0 0.501634 0.327594 0.063425 0.085923
0 0.551551 0.380174 0.048156 0.073099
0 0.676052 0.468661 0.059901 0.098747
0 0.606167 0.479562 0.065774 0.084641
0 0.503395 0.494951 0.071647 0.094900
0 0.433404 0.534065 0.075170 0.080793
0 0.447498 0.363502 0.054029 0.098747
0 0.405215 0.324388 0.046981 0.084641
0 0.350332 0.320541 0.068123 0.074381
0 0.331539 0.394922 0.070472 0.100030
0 0.294595 0.507134 0.093963 0.080793
0 0.221186 0.336571 0.069298 0.109007
0 0.153437 0.525088 0.086916 0.096182
0 0.099996 0.350678 0.071647 0.114136
0 0.043191 0.319258 0.055203 0.082076
0 0.053174 0.560997 0.101010 0.126961
0 0.010731 0.359013 0.021462 0.105159