0 0.949673 0.375191 0.100653 0.262158
0 0.820392 0.272920 0.089004 0.141162
0 0.770148 0.437849 0.099531 0.260717
0 0.734259 0.216023 0.022012 0.038892
0 0.702677 0.224666 0.023926 0.036011
0 0.665396 0.240511 0.034453 0.056177
0 0.657262 0.335579 0.085176 0.128198
0 0.623766 0.243392 0.043066 0.082104
0 0.570216 0.269319 0.036367 0.076343
0 0.511532 0.399678 0.090918 0.175732
0 0.042240 0.453694 0.084480 0.220385
0 0.014486 0.313252 0.028972 0.080664
0 0.088308 0.372310 0.074648 0.129638
0 0.115583 0.321175 0.043066 0.064819
0 0.144294 0.303169 0.033496 0.060498
0 0.245739 0.200179 0.022012 0.036011
0 0.304118 0.221785 0.020098 0.033130
0 0.292155 0.249873 0.022969 0.037451
0 0.326129 0.261397 0.029668 0.051855
0 0.294069 0.292366 0.030625 0.053296
0 0.235690 0.272920 0.072734 0.092187
0 0.225641 0.418403 0.125371 0.216064
0 0.361757 0.314693 0.068906 0.123877
0 0.411044 0.319014 0.043066 0.083545
0 0.439276 0.252034 0.045937 0.064819
0 0.507400 0.254195 0.049766 0.063379
0 0.517448 0.285884 0.058379 0.046094