0 0.130963 0.276004 0.021870 0.048642
0 0.197589 0.271950 0.018818 0.049543
0 0.234971 0.262492 0.017292 0.043238
0 0.295240 0.241324 0.021870 0.051345
0 0.261164 0.287263 0.019835 0.053146
0 0.229122 0.325096 0.023904 0.053146
0 0.154613 0.325547 0.019327 0.063055
0 0.173940 0.362479 0.027464 0.072063
0 0.198861 0.411571 0.036619 0.094582
0 0.246669 0.461114 0.039670 0.103590
0 0.305157 0.569208 0.049842 0.108995
0 0.366697 0.698921 0.043739 0.105391
0 0.492575 0.636316 0.042213 0.100888
0 0.375343 0.535879 0.034584 0.096384
0 0.264978 0.349417 0.027464 0.065757
0 0.296765 0.399411 0.030007 0.070261
0 0.339233 0.433641 0.035602 0.082872
0 0.314058 0.308882 0.019835 0.065757
0 0.355508 0.339959 0.029499 0.073864
0 0.388567 0.401212 0.025430 0.066658
0 0.432306 0.421930 0.030516 0.086475
0 0.524616 0.523268 0.042213 0.085574
0 0.657614 0.602537 0.043739 0.123407
0 0.695250 0.564254 0.041705 0.106292
0 0.585902 0.471473 0.038653 0.095483
0 0.514698 0.417426 0.031533 0.077467
0 0.468416 0.353471 0.034584 0.068459
0 0.421371 0.343562 0.025938 0.059452
0 0.375852 0.284111 0.025430 0.057650
0 0.331604 0.266095 0.020344 0.064856
0 0.411454 0.209346 0.029499 0.063055
0 0.893934 0.492247 0.039759 0.090861
0 0.936258 0.469532 0.030781 0.088590
0 0.989291 0.458742 0.021418 0.094269
0 0.766000 0.434891 0.032705 0.082911
0 0.825959 0.411608 0.026933 0.074961
0 0.888162 0.394571 0.028216 0.081775
0 0.917981 0.386621 0.019879 0.070418
0 0.700269 0.384917 0.025651 0.062467
0 0.752533 0.365041 0.031422 0.049974
0 0.791651 0.359930 0.022445 0.062467
0 0.841991 0.321314 0.025651 0.064739
0 0.465243 0.237267 0.031422 0.055653
0 0.515583 0.206602 0.015391 0.037480
0 0.512377 0.280994 0.020521 0.047702
0 0.523599 0.244082 0.026292 0.032937
0 0.558548 0.215688 0.015391 0.046567
0 0.563999 0.308253 0.026292 0.045431
0 0.607285 0.325857 0.028216 0.060196
0 0.664037 0.311660 0.019879 0.056788
0 0.729768 0.316203 0.021803 0.056788
0 0.768244 0.302574 0.025651 0.056788
0 0.700269 0.290080 0.021803 0.056788
0 0.612294 0.278104 0.021526 0.033183
0 0.603524 0.237508 0.021526 0.039537
0 0.657339 0.267161 0.020729 0.024005
0 0.563262 0.269632 0.035877 0.041655