0 0.496325 0.354638 0.026974 0.044827
0 0.962484 0.456049 0.033579 0.049236
0 0.941841 0.461560 0.041837 0.041152
0 0.959732 0.555255 0.065507 0.118313
0 0.994316 0.588324 0.011368 0.106555
0 0.918446 0.496466 0.033579 0.058054
0 0.878261 0.463397 0.034680 0.034539
0 0.876059 0.501610 0.039084 0.058054
0 0.845507 0.529535 0.045140 0.055115
0 0.838626 0.583447 0.058902 0.066872
0 0.842479 0.476157 0.020368 0.055115
0 0.817707 0.474320 0.026974 0.061728
0 0.800092 0.464399 0.015964 0.034539
0 0.783853 0.484975 0.023120 0.060994
0 0.767889 0.472115 0.007707 0.026455
0 0.751099 0.517677 0.042387 0.057319
0 0.747521 0.468074 0.026423 0.036008
0 0.727979 0.461092 0.023671 0.036743
0 0.714767 0.478362 0.015964 0.034539
0 0.698528 0.466971 0.017615 0.041152
0 0.671829 0.468441 0.033579 0.066138
0 0.679261 0.544867 0.042938 0.074956
0 0.727979 0.582345 0.076517 0.080835
0 0.916328 0.670307 0.135165 0.128205
0 0.906588 0.848370 0.186824 0.231086
0 0.605686 0.702754 0.097224 0.158278
0 0.623471 0.564261 0.059283 0.099715
0 0.370926 0.797721 0.132793 0.234251
0 0.217384 0.595125 0.098409 0.139285
0 0.514300 0.624563 0.055623 0.195921
0 0.535745 0.535549 0.040879 0.071569
0 0.553504 0.503790 0.029487 0.049204
0 0.591367 0.508710 0.034178 0.078726
0 0.636603 0.493055 0.041550 0.052782
0 0.614153 0.453692 0.034178 0.038468
0 0.572268 0.470689 0.032167 0.031312
0 0.481127 0.462190 0.028146 0.028628
0 0.512624 0.483661 0.034848 0.050098
0 0.477441 0.499764 0.035518 0.039363
0 0.471745 0.547179 0.038869 0.064412
0 0.430195 0.471136 0.022785 0.039363
0 0.413107 0.485450 0.027476 0.046520
0 0.386300 0.497975 0.027476 0.042941
0 0.381274 0.599514 0.057633 0.160136
0 0.423494 0.572228 0.026806 0.085883
0 0.295160 0.570439 0.056963 0.044731
0 0.309568 0.518998 0.046911 0.052782
0 0.333023 0.495291 0.024126 0.033995
0 0.379599 0.459954 0.024796 0.038468
0 0.147543 0.550310 0.054282 0.076042
0 0.060423 0.612445 0.107895 0.109062
0 0.116716 0.780592 0.134701 0.250492
0 0.061428 0.527050 0.060314 0.063518
0 0.017868 0.518998 0.033508 0.063518
0 0.009827 0.474715 0.017424 0.028628
0 0.038643 0.491713 0.040209 0.069780
0 0.070140 0.466216 0.025466 0.061728
0 0.110350 0.486345 0.044230 0.060834
0 0.165637 0.476951 0.043560 0.067096
0 0.272527 0.471137 0.038869 0.050098
0 0.231982 0.485898 0.034178 0.090356
0 0.306704 0.472031 0.022785 0.042941
0 0.330160 0.456823 0.028146 0.042941
0 0.357301 0.476057 0.019434 0.065307