0 0.165192 0.306293 0.067847 0.100295
0 0.219027 0.329892 0.060472 0.080629
0 0.281711 0.311209 0.056047 0.102262
0 0.333333 0.316126 0.053097 0.080629
0 0.404867 0.292527 0.072271 0.112094
0 0.460177 0.315143 0.050147 0.098328
0 0.513274 0.314159 0.047198 0.088496
0 0.563422 0.311209 0.044248 0.078663
0 0.599558 0.342675 0.045723 0.070796
0 0.650442 0.342675 0.056047 0.094395
0 0.708702 0.369223 0.057522 0.100295
0 0.580383 0.404621 0.075221 0.112094
0 0.429204 0.633727 0.070796 0.129794
0 0.514749 0.613078 0.088496 0.123894
0 0.640855 0.510816 0.087021 0.139626
0 0.708702 0.549164 0.069322 0.098328
0 0.769174 0.572763 0.092920 0.129794
0 0.876844 0.557030 0.101770 0.137660
0 0.848820 0.441003 0.092920 0.129794