0 0.985244 0.333799 0.029512 0.062474
0 0.952869 0.335401 0.042283 0.056067
0 0.944647 0.390667 0.070472 0.086503
0 0.882984 0.318581 0.038760 0.076891
0 0.815448 0.317780 0.039934 0.056067
0 0.800767 0.369041 0.043458 0.081697
0 0.760832 0.307368 0.031712 0.067280
0 0.726771 0.376250 0.052854 0.076891
0 0.687424 0.336202 0.046981 0.073688
0 0.637506 0.366638 0.048156 0.064076
0 0.726771 0.461151 0.071647 0.102522
0 0.605206 0.337804 0.030538 0.067280
0 0.577178 0.310572 0.031712 0.060872
0 0.531424 0.390667 0.061076 0.089707
0 0.494426 0.341809 0.043458 0.068882
0 0.492664 0.299358 0.028189 0.038446
0 0.444829 0.309771 0.028189 0.052863
0 0.416800 0.316979 0.036411 0.048057
0 0.409753 0.371444 0.057552 0.076891
0 0.365441 0.320183 0.034062 0.064076
0 0.318780 0.341008 0.041109 0.067280
0 0.380443 0.501999 0.093963 0.129754
0 0.266993 0.332197 0.038760 0.059270
0 0.223108 0.301761 0.024665 0.046455
0 0.220920 0.408288 0.068123 0.115337
0 0.143454 0.377051 0.059901 0.084901
0 0.125248 0.574886 0.115105 0.147375
0 0.069031 0.453141 0.062250 0.096114
0 0.071380 0.353823 0.041109 0.057669
0 0.093696 0.209652 0.038760 0.060872