0 0.221071 0.316090 0.025000 0.043741
0 0.135952 0.443336 0.042857 0.067599
0 0.090119 0.449300 0.058333 0.071576
0 0.025833 0.443336 0.041667 0.067599
0 0.013214 0.510935 0.026428 0.067599
0 0.091905 0.553682 0.078571 0.129234
0 0.312143 0.490059 0.054762 0.109352
0 0.343690 0.418483 0.039286 0.069588
0 0.368690 0.524853 0.082143 0.143152
0 0.445476 0.452283 0.042857 0.073564
0 0.480595 0.466200 0.039286 0.125258
0 0.509167 0.484094 0.017857 0.101399
0 0.540119 0.373748 0.022619 0.063623
0 0.741905 0.472165 0.042857 0.073564
0 0.771071 0.525847 0.070238 0.129234
0 0.820476 0.464212 0.040476 0.085493
0 0.919286 0.479124 0.050000 0.111340
0 0.949048 0.526841 0.064286 0.123270