0 0.016863 0.346293 0.033725 0.092224
0 0.090687 0.371609 0.070524 0.121157
0 0.250723 0.397830 0.062387 0.101266
0 0.262251 0.319168 0.052893 0.059675
0 0.368038 0.334539 0.039331 0.072333
0 0.386347 0.283906 0.037975 0.057866
0 0.452803 0.292043 0.029837 0.045208
0 0.461618 0.342676 0.052893 0.095841
0 0.557233 0.293852 0.043400 0.070524
0 0.597242 0.276673 0.031193 0.061483
0 0.767450 0.464738 0.105787 0.169982
0 0.828481 0.375226 0.070524 0.103074
0 0.880018 0.329114 0.054250 0.083183
0 0.983770 0.376130 0.031193 0.119349
0 0.979340 0.561483 0.041320 0.160940