0 0.046460 0.426254 0.087021 0.127827
0 0.144543 0.375123 0.064897 0.116028
0 0.275074 0.354474 0.066372 0.098328
0 0.505162 0.353491 0.063422 0.100295
0 0.446903 0.403638 0.085546 0.125860
0 0.305310 0.445919 0.100295 0.068830
0 0.317847 0.551131 0.095870 0.157325
0 0.160029 0.674041 0.140118 0.190757
0 0.633481 0.698623 0.157817 0.247788
0 0.558260 0.487217 0.089971 0.139626
0 0.827434 0.592429 0.147493 0.188791
0 0.814897 0.467552 0.107670 0.116028
0 0.970501 0.417404 0.058997 0.117994
0 0.936862 0.332615 0.061833 0.070343
0 0.928920 0.281938 0.057295 0.052190
0 0.861130 0.228992 0.049921 0.080932
0 0.844112 0.340935 0.054459 0.070343
0 0.766678 0.290636 0.051622 0.062023
0 0.776889 0.221428 0.053892 0.064292
0 0.666553 0.217268 0.048786 0.062023
0 0.689812 0.289123 0.045382 0.078663
0 0.645280 0.309924 0.050488 0.083957