0 0.029380 0.605647 0.030271 0.035746
0 0.062915 0.668202 0.080722 0.128685
0 0.110102 0.623966 0.025522 0.040214
0 0.121379 0.657478 0.032645 0.048257
0 0.151650 0.621285 0.027896 0.050938
0 0.176876 0.644073 0.016619 0.044682
0 0.201211 0.666861 0.049858 0.084897
0 0.282823 0.676692 0.070632 0.131366
0 0.165895 0.789291 0.113367 0.165325
0 0.323481 0.664627 0.032051 0.064343
0 0.373635 0.665968 0.042142 0.079535
0 0.334895 0.651917 0.023011 0.034646
0 0.395505 0.668931 0.023422 0.045164
0 0.463922 0.538390 0.041913 0.074860
0 0.524942 0.663053 0.028353 0.048257
0 0.586785 0.668312 0.017258 0.040214
0 0.552063 0.664600 0.038215 0.026603
0 0.557610 0.689966 0.037804 0.052588
0 0.599934 0.668622 0.023833 0.045782
0 0.629109 0.695843 0.069034 0.100226
0 0.672871 0.674190 0.035750 0.042070
0 0.708005 0.670168 0.043557 0.034027
0 0.690541 0.764826 0.105605 0.168899
0 0.747041 0.690275 0.023011 0.029697
0 0.784640 0.697390 0.034106 0.050113
0 0.825937 0.689966 0.034517 0.053825
0 0.847921 0.701412 0.028353 0.043308
0 0.920711 0.659312 0.092338 0.115132
0 0.811966 0.763501 0.079643 0.106019
0 0.897436 0.841085 0.205128 0.317830