0 0.969601 0.421520 0.060798 0.092533
0 0.966999 0.352763 0.057161 0.062974
0 0.862964 0.340554 0.046981 0.071970
0 0.838690 0.392603 0.061076 0.068115
0 0.775087 0.497346 0.093180 0.120807
0 0.778219 0.330272 0.038368 0.069400
0 0.710203 0.341196 0.040717 0.065544
0 0.656779 0.320633 0.043066 0.060403
0 0.663257 0.394531 0.071255 0.064259
0 0.599441 0.406098 0.051680 0.079681
0 0.650337 0.561605 0.095529 0.118237
0 0.593853 0.319991 0.028972 0.048837
0 0.465543 0.406098 0.061076 0.087392
0 0.419167 0.362402 0.030538 0.056548
0 0.447071 0.506984 0.082218 0.127233
0 0.358910 0.310352 0.036019 0.065544
0 0.324777 0.663134 0.107274 0.179925
0 0.261779 0.388105 0.055595 0.069400
0 0.206896 0.429231 0.061859 0.071970
0 0.153473 0.359831 0.042283 0.071970
0 0.121618 0.566745 0.096312 0.071970
0 0.096917 0.372040 0.035236 0.060403
0 0.046020 0.437585 0.066557 0.060403
0 0.042105 0.529475 0.071255 0.133659
0 0.046697 0.659278 0.093393 0.174785