0 0.823378 0.619223 0.043510 0.063913
0 0.926254 0.624140 0.042773 0.050147
0 0.928835 0.665929 0.043510 0.057030
0 0.970870 0.681662 0.049410 0.060964
0 0.971976 0.765733 0.056047 0.087512
0 0.875369 0.773107 0.063422 0.084562
0 0.738938 0.773599 0.067847 0.087512
0 0.638643 0.771141 0.066372 0.072763
0 0.685472 0.694936 0.050885 0.077679
0 0.713127 0.647247 0.039823 0.072763
0 0.679941 0.631023 0.038348 0.067847
0 0.459440 0.620698 0.033923 0.039331
0 0.563053 0.615782 0.039086 0.035398
0 0.578909 0.653638 0.054572 0.044248
0 0.544985 0.700836 0.048673 0.067847
0 0.469395 0.657571 0.049410 0.058014
0 0.506637 0.759341 0.058997 0.086529
0 0.352507 0.784415 0.066372 0.085546
0 0.275074 0.708702 0.056047 0.061947
0 0.275811 0.652163 0.053097 0.057030
0 0.290560 0.622173 0.053097 0.050147
0 0.422566 0.486480 0.035398 0.061947
0 0.209440 0.632006 0.050147 0.059980
0 0.147124 0.676254 0.043510 0.058014
0 0.120206 0.710177 0.060472 0.074730
0 0.047198 0.790315 0.061947 0.083579
0 0.216814 0.784415 0.061947 0.103245
0 0.118363 0.866028 0.121681 0.172075
0 0.931785 0.874877 0.121681 0.156342