0 0.131268 0.771877 0.117994 0.172410
0 0.116519 0.496684 0.076696 0.112729
0 0.199115 0.487843 0.053097 0.090626
0 0.272124 0.487843 0.057522 0.103888
0 0.335546 0.451412 0.028679 0.052804
0 0.389422 0.436676 0.022534 0.049120
0 0.411545 0.448649 0.028269 0.048506
0 0.428138 0.429922 0.021304 0.036840
0 0.438586 0.409353 0.025811 0.037454
0 0.474025 0.460622 0.029499 0.041752
0 0.472796 0.429001 0.023763 0.023946
0 0.540397 0.460315 0.024582 0.046050
0 0.599189 0.454789 0.021714 0.050962
0 0.584644 0.448342 0.011472 0.051576
0 0.617625 0.425931 0.010243 0.033770
0 0.630531 0.433913 0.014749 0.047278
0 0.648148 0.452947 0.015569 0.047278
0 0.666175 0.459394 0.019666 0.047892
0 0.692806 0.476586 0.018846 0.046664
0 0.834767 0.483954 0.047116 0.068767
0 0.898681 0.475972 0.045477 0.050348
0 0.690552 0.579430 0.029089 0.052190
0 0.725172 0.631005 0.024582 0.059557
0 0.610865 0.621182 0.036873 0.062013
0 0.585464 0.596622 0.024582 0.066925
0 0.376311 0.638987 0.032366 0.069381
0 0.402737 0.611358 0.026221 0.058329
0 0.499631 0.579430 0.033186 0.041138
0 0.499631 0.629470 0.037283 0.061399