0 0.074359 0.638746 0.065385 0.177825
0 0.042308 0.650380 0.023077 0.088082
0 0.167628 0.639577 0.037821 0.113010
0 0.341667 0.131992 0.102564 0.263984
0 0.429808 0.652042 0.023718 0.068139
0 0.473397 0.672816 0.023718 0.076448
0 0.499359 0.681956 0.023077 0.088082
0 0.400641 0.638746 0.021795 0.048196
0 0.657372 0.586396 0.090385 0.332384
0 0.698077 0.659520 0.024359 0.089744
0 0.727564 0.720180 0.029487 0.078110
0 0.733013 0.666168 0.025000 0.056505
0 0.767628 0.698575 0.016026 0.068139
0 0.789744 0.691097 0.037179 0.132953
0 0.817308 0.686111 0.015385 0.079772
0 0.856410 0.687773 0.060256 0.216049
0 0.900321 0.677802 0.046795 0.146249