0 0.741718 0.254487 0.036873 0.061327
0 0.559337 0.286854 0.038575 0.063031
0 0.656342 0.394177 0.034037 0.054513
0 0.745121 0.412065 0.034604 0.054513
0 0.713637 0.428248 0.037440 0.063031
0 0.683288 0.448691 0.038008 0.066438
0 0.653222 0.491705 0.050488 0.087732
0 0.829362 0.410361 0.029499 0.059624
0 0.816031 0.428674 0.048219 0.062179
0 0.820853 0.465726 0.043113 0.078363
0 0.799013 0.531738 0.044815 0.101361
0 0.753063 0.557717 0.072044 0.098805
0 0.748241 0.666318 0.085092 0.152467
0 0.589971 0.555588 0.069208 0.113286
0 0.505730 0.620323 0.083390 0.128617
0 0.492682 0.495538 0.056161 0.086881
0 0.536930 0.473392 0.045950 0.073252
0 0.575505 0.423563 0.042546 0.068993
0 0.536646 0.406954 0.034037 0.057920
0 0.483322 0.424841 0.047651 0.056217
0 0.465736 0.376716 0.036306 0.040033
0 0.403052 0.379271 0.033469 0.036626
0 0.426878 0.395029 0.035739 0.045996
0 0.406456 0.467004 0.050488 0.062179
0 0.359939 0.402269 0.034604 0.058772
0 0.128489 0.428674 0.038008 0.062179
0 0.189471 0.458912 0.040844 0.076659
0 0.233719 0.412065 0.039710 0.061327
0 0.289880 0.421860 0.041979 0.065586
0 0.301225 0.387363 0.030633 0.049403
0 0.179260 0.538978 0.066939 0.102212
0 0.332709 0.497242 0.051622 0.083474
0 0.319378 0.593918 0.070343 0.103064
0 0.021273 0.448265 0.042546 0.086029
0 0.059564 0.477651 0.043113 0.086881
0 0.071761 0.633099 0.107216 0.157578
0 0.289029 0.796639 0.116292 0.183131
0 0.637168 0.916095 0.174041 0.167809