0 0.120203 0.593128 0.209861 0.256781
0 0.137478 0.298373 0.103651 0.148282
0 0.253285 0.273056 0.089575 0.151899
0 0.254565 0.132007 0.071660 0.115732
0 0.420278 0.186257 0.075499 0.094033
0 0.482341 0.310127 0.046067 0.168174
0 0.417719 0.342676 0.111329 0.189873
0 0.713956 0.476492 0.138201 0.240506
0 0.838081 0.339060 0.102371 0.153707
0 0.625021 0.207052 0.078058 0.106691
0 0.757464 0.110307 0.069101 0.101266
0 0.793933 0.217902 0.075499 0.142857
0 0.878390 0.087703 0.070380 0.117541
0 0.966685 0.118445 0.062702 0.117541