0 0.045344 0.180832 0.065262 0.119349
0 0.122762 0.166365 0.046067 0.068716
0 0.172668 0.199819 0.071660 0.092224
0 0.205299 0.150995 0.037110 0.059675
0 0.251366 0.188065 0.067821 0.083183
0 0.292954 0.178119 0.038389 0.081374
0 0.343500 0.164557 0.039669 0.065099
0 0.374851 0.323689 0.117727 0.224231
0 0.258404 0.254973 0.066541 0.126582
0 0.214256 0.338156 0.144599 0.180832
0 0.518171 0.263110 0.066541 0.160940
0 0.456748 0.251356 0.035830 0.122966
0 0.633978 0.189873 0.072940 0.097649
0 0.523929 0.151899 0.052465 0.075949
0 0.780497 0.367993 0.130523 0.280289
0 0.953888 0.252260 0.075499 0.142857
0 0.929575 0.154611 0.080617 0.117541
0 0.828484 0.148282 0.060143 0.068716
0 0.817607 0.188065 0.051186 0.079566
0 0.713956 0.264919 0.053745 0.124774