0 0.965374 0.536768 0.025987 0.066372
0 0.903919 0.498314 0.028094 0.037927
0 0.949220 0.421408 0.027391 0.040034
0 0.946762 0.384008 0.023880 0.030552
0 0.869855 0.398230 0.027391 0.042141
0 0.855457 0.433523 0.021070 0.041087
0 0.802079 0.402444 0.021070 0.027391
0 0.793300 0.430362 0.024582 0.030552
0 0.752212 0.408765 0.018261 0.029499
0 0.709720 0.410872 0.018963 0.027391
0 0.732196 0.436684 0.020368 0.043194
0 0.666526 0.439317 0.021070 0.023177
0 0.819638 0.473557 0.023880 0.036873
0 0.820340 0.525706 0.025284 0.044248
0 0.753617 0.507796 0.030903 0.044248
0 0.746594 0.475137 0.029499 0.035820
0 0.669336 0.515171 0.028094 0.033713
0 0.687245 0.479878 0.016154 0.034766
0 0.641242 0.406131 0.015452 0.030552
0 0.593131 0.410872 0.013345 0.025284
0 0.553097 0.411399 0.010535 0.028445
0 0.563984 0.449853 0.015452 0.033713
0 0.566793 0.475137 0.021070 0.031606
0 0.620874 0.430362 0.029499 0.051622
0 0.458866 0.417076 0.018573 0.027860
0 0.462417 0.449033 0.018027 0.032776
0 0.415164 0.429367 0.013110 0.026221
0 0.407244 0.449853 0.018027 0.024582
0 0.359172 0.432235 0.016934 0.028679
0 0.315743 0.431006 0.017481 0.031137
0 0.261390 0.429777 0.014749 0.028679
0 0.201846 0.449033 0.019119 0.029499
0 0.164700 0.469108 0.020212 0.030318
0 0.226428 0.459276 0.025675 0.041790
0 0.231345 0.513766 0.023490 0.044248
0 0.276412 0.504343 0.020758 0.045067
0 0.318748 0.469928 0.014749 0.023763
0 0.322299 0.494100 0.016388 0.034415
0 0.328035 0.517863 0.018027 0.036054
0 0.392221 0.521960 0.019666 0.032776
0 0.394133 0.494100 0.025675 0.032776
0 0.449579 0.501885 0.017481 0.035234
0 0.462144 0.483448 0.019666 0.026221
0 0.142849 0.440429 0.022397 0.035234
0 0.090954 0.442068 0.026767 0.046706
0 0.111166 0.475254 0.021304 0.034415
0 0.015296 0.496968 0.030591 0.036873
0 0.009833 0.431416 0.019666 0.041790
0 0.127008 0.548591 0.024582 0.043428
0 0.120725 0.517044 0.030591 0.018027
0 0.099148 0.559243 0.046433 0.061455
0 0.101333 0.632989 0.062821 0.100787
0 0.164154 0.657162 0.071561 0.126188
0 0.267126 0.710013 0.092866 0.167978
0 0.318492 0.548949 0.045170 0.060841
0 0.294985 0.583518 0.038717 0.060841
0 0.329554 0.611173 0.041482 0.074668
0 0.470594 0.596654 0.058075 0.084347
0 0.587205 0.652655 0.071903 0.102323
0 0.735159 0.698285 0.078355 0.141040