0 0.773237 0.568957 0.104167 0.154852
0 0.985577 0.420155 0.028846 0.104041
0 0.763622 0.323372 0.052885 0.104041
0 0.706731 0.357246 0.028846 0.060489
0 0.706731 0.437092 0.048077 0.055650
0 0.665064 0.347151 0.014569 0.053890
0 0.641390 0.352650 0.044435 0.067088
0 0.633377 0.453281 0.048805 0.068188
0 0.586393 0.346051 0.030594 0.056090
0 0.549607 0.303709 0.031323 0.052790
0 0.534309 0.351000 0.028409 0.061589
0 0.586029 0.428536 0.047348 0.069287
0 0.558348 0.454931 0.044435 0.084685
0 0.485868 0.459330 0.052448 0.084685
0 0.475670 0.364198 0.039336 0.052790
0 0.412660 0.318556 0.031323 0.042892
0 0.408654 0.363648 0.043706 0.056090
0 0.409382 0.405440 0.050991 0.064888
0 0.317235 0.350450 0.037150 0.060489
0 0.331075 0.372996 0.041521 0.037393
0 0.346372 0.412589 0.042978 0.072587
0 0.317599 0.439534 0.045163 0.091283
0 0.261509 0.405990 0.052448 0.068188
0 0.271707 0.344401 0.039336 0.076986
0 0.285912 0.314157 0.032780 0.056090
0 0.230551 0.311407 0.042978 0.076986
0 0.213432 0.261366 0.029138 0.062689
0 0.169362 0.245419 0.040064 0.068188
0 0.131483 0.342752 0.050262 0.093483