0 0.121681 0.738938 0.092920 0.143559
0 0.171091 0.633727 0.073746 0.098328
0 0.431132 0.553097 0.031768 0.037819
0 0.456943 0.559148 0.034604 0.048408
0 0.508850 0.595076 0.056728 0.074881
0 0.442762 0.528137 0.024393 0.024204
0 0.431983 0.522464 0.020989 0.026473
0 0.343488 0.461198 0.022124 0.032524
0 0.284207 0.463089 0.014749 0.033280
0 0.328738 0.508850 0.022124 0.038575
0 0.315691 0.528515 0.028931 0.043113
0 0.295269 0.546668 0.013047 0.050677
0 0.275414 0.553854 0.040277 0.051433
0 0.276265 0.604152 0.048786 0.071855
0 0.228614 0.586000 0.053324 0.055215
0 0.899705 0.473732 0.044248 0.075853