0 0.737043 0.621135 0.179333 0.227548
0 0.907684 0.523096 0.075942 0.142823
0 0.915919 0.404481 0.053983 0.096829
0 0.837689 0.397824 0.064047 0.114984
0 0.788281 0.351005 0.042088 0.096829
0 0.904482 0.310458 0.040258 0.088356
0 0.764035 0.110143 0.050323 0.079884
0 0.558168 0.142823 0.043003 0.070201
0 0.413146 0.160373 0.032939 0.037521
0 0.682145 0.294723 0.049408 0.064149
0 0.593394 0.289276 0.043918 0.045994
0 0.513459 0.320746 0.034103 0.050835
0 0.455234 0.305011 0.049408 0.045994
0 0.417721 0.347374 0.049408 0.050835
0 0.369685 0.349794 0.039343 0.055677
0 0.336747 0.335875 0.032024 0.044783
0 0.256479 0.280198 0.028364 0.054466
0 0.288961 0.357056 0.047578 0.055677
0 0.321442 0.444808 0.048493 0.081094
0 0.478816 0.395183 0.057643 0.090777
0 0.569854 0.406076 0.056728 0.100460
0 0.588611 0.349189 0.044833 0.044783
0 0.501690 0.589721 0.130840 0.175502
0 0.247787 0.500154 0.100646 0.180344
0 0.116947 0.389406 0.078687 0.108932
0 0.157206 0.345228 0.038428 0.035100