0 0.169700 0.426206 0.024611 0.045788
0 0.101877 0.455968 0.026328 0.042735
0 0.124771 0.467033 0.034341 0.052656
0 0.066964 0.463599 0.040064 0.051893
0 0.010016 0.445284 0.018887 0.032051
0 0.014309 0.505952 0.028617 0.084707
0 0.258986 0.449863 0.033768 0.061050
0 0.286458 0.459402 0.022321 0.038919
0 0.128205 0.646368 0.108173 0.161592
0 0.437700 0.657051 0.098157 0.126870
0 0.351062 0.513488 0.043069 0.090812
0 0.367588 0.442708 0.028045 0.050748
0 0.564904 0.491453 0.038061 0.078793
0 0.562400 0.431357 0.021034 0.036058
0 0.573636 0.452279 0.035339 0.036160
0 0.647395 0.443787 0.025066 0.049858
0 0.671433 0.496932 0.045201 0.070677
0 0.736974 0.435295 0.031640 0.053693
0 0.792447 0.464333 0.030819 0.059172
0 0.808884 0.439130 0.027531 0.040544
0 0.909558 0.474742 0.039037 0.063555
0 0.977276 0.495288 0.045447 0.071773
0 0.847115 0.632906 0.112179 0.147009