0 0.048878 0.201923 0.097756 0.189904
0 0.329327 0.223558 0.094551 0.146635
0 0.389423 0.417067 0.192308 0.283654
0 0.505342 0.220353 0.087607 0.133814
0 0.889423 0.373798 0.141026 0.187500
0 0.970353 0.362179 0.059294 0.161058
0 0.087607 0.030248 0.048077 0.060496
0 0.344284 0.091747 0.034722 0.070513
0 0.381143 0.152244 0.049679 0.085737
0 0.539263 0.175481 0.045406 0.090545
0 0.658387 0.186699 0.034722 0.084135
0 0.613515 0.150641 0.035791 0.048878
0 0.746528 0.255208 0.060363 0.097756
0 0.887286 0.265224 0.053419 0.066506
0 0.872329 0.195913 0.042735 0.056090
0 0.939370 0.150240 0.030449 0.046474
0 0.857906 0.128606 0.032051 0.049679
0 0.654866 0.083042 0.027681 0.053176
0 0.892094 0.022217 0.024281 0.039336
0 0.949398 0.019668 0.022339 0.029866
0 0.828963 0.039700 0.025253 0.049534