0 0.109279 0.322026 0.034862 0.063169
0 0.149169 0.332156 0.039555 0.071512
0 0.133079 0.388174 0.046259 0.104884
0 0.188388 0.419758 0.063020 0.122762
0 0.191070 0.310703 0.034862 0.069128
0 0.229619 0.345863 0.046259 0.077471
0 0.233977 0.289845 0.034862 0.048866
0 0.300349 0.279119 0.034862 0.065552
0 0.119000 0.286866 0.038214 0.052442
0 0.309399 0.341691 0.031510 0.064360
0 0.285264 0.378639 0.048941 0.088198
0 0.271185 0.503784 0.095870 0.152558
0 0.339233 0.398901 0.048270 0.116802
0 0.459909 0.497825 0.075087 0.147791
0 0.379458 0.354206 0.040225 0.094157
0 0.349289 0.307723 0.030839 0.060785
0 0.406275 0.329177 0.033521 0.063169
0 0.432757 0.289249 0.028828 0.057209
0 0.472647 0.323217 0.046929 0.053634
0 0.480021 0.398901 0.058997 0.107267
0 0.625168 0.491866 0.077098 0.133488
0 0.582931 0.391749 0.052963 0.097732
0 0.773666 0.481139 0.060338 0.126337
0 0.975999 0.447767 0.048002 0.109651
0 0.921158 0.378043 0.036203 0.077471
0 0.956691 0.358973 0.037544 0.041715
0 0.974792 0.329177 0.028158 0.067936
0 0.901046 0.301168 0.026817 0.069128
0 0.848753 0.369700 0.046929 0.077471
0 0.842049 0.316066 0.029499 0.039331
0 0.855792 0.301168 0.022124 0.038140
0 0.778694 0.369700 0.050282 0.094157
0 0.648968 0.357781 0.037544 0.075087
0 0.706959 0.334540 0.034191 0.066744
0 0.729418 0.319046 0.026817 0.057209
0 0.758917 0.297592 0.026817 0.045291
0 0.793443 0.294017 0.028828 0.045291
0 0.722043 0.274947 0.021453 0.028605
0 0.677460 0.319046 0.018101 0.059593
0 0.660700 0.293421 0.018101 0.032180
0 0.615111 0.322026 0.028828 0.077471
0 0.552762 0.314278 0.028828 0.069128
0 0.580920 0.294613 0.019442 0.060785
0 0.531979 0.294613 0.016761 0.041715
0 0.484044 0.223697 0.041566 0.090581
0 0.687245 0.289913 0.020368 0.036210