0 0.383887 0.420971 0.037879 0.081673
0 0.613709 0.470085 0.031323 0.071740
0 0.750656 0.636743 0.034237 0.067325
0 0.784528 0.667095 0.033508 0.070636
0 0.834426 0.673717 0.045892 0.097125
0 0.859193 0.724487 0.047348 0.099332
0 0.895615 0.748768 0.056090 0.088296
0 0.258960 0.639503 0.044435 0.057392
0 0.238564 0.615221 0.038607 0.046355
0 0.233464 0.689721 0.070659 0.082777
0 0.196678 0.720072 0.068473 0.072844
0 0.230186 0.784086 0.067016 0.097125
0 0.217439 0.864104 0.088141 0.118095
0 0.203963 0.930878 0.096154 0.128029
0 0.367861 0.958817 0.122378 0.082366
0 0.592949 0.960640 0.102564 0.078720