0 0.033571 0.594404 0.066667 0.159236
0 0.072262 0.396497 0.034524 0.081893
0 0.118690 0.414695 0.027381 0.081893
0 0.162143 0.426069 0.028571 0.068244
0 0.241905 0.431756 0.040476 0.070519
0 0.287143 0.397634 0.026190 0.079618
0 0.347262 0.423794 0.039286 0.081893
0 0.390119 0.420382 0.036905 0.070519
0 0.422262 0.394222 0.015476 0.045496
0 0.449643 0.405596 0.025000 0.063694
0 0.475238 0.385123 0.016667 0.050045
0 0.499048 0.382848 0.016667 0.036397
0 0.531190 0.380573 0.014286 0.040946
0 0.480000 0.495450 0.047619 0.120564
0 0.577024 0.500000 0.036905 0.106915
0 0.565119 0.415833 0.025000 0.065969
0 0.592500 0.388535 0.017857 0.056870
0 0.642500 0.403321 0.022619 0.059145
0 0.682976 0.388535 0.017857 0.065969
0 0.683571 0.453367 0.023810 0.063694
0 0.748452 0.447680 0.032143 0.070519
0 0.735952 0.542084 0.057143 0.118289
0 0.805000 0.510237 0.071429 0.095541
0 0.952024 0.432894 0.046429 0.118289
0 0.863333 0.340764 0.050000 0.102366