0 0.129794 0.870593 0.247788 0.258814
0 0.334808 0.644473 0.171091 0.293721
0 0.038348 0.526268 0.076696 0.253125
0 0.028761 0.343588 0.057522 0.126563
0 0.139381 0.356721 0.063422 0.095519
0 0.191003 0.388959 0.092920 0.159994
0 0.283923 0.337618 0.054572 0.157606
0 0.342183 0.381795 0.094395 0.140891
0 0.424041 0.323290 0.075221 0.119399
0 0.500737 0.375825 0.075221 0.143279
0 0.544985 0.324484 0.063422 0.117011
0 0.720501 0.468956 0.110619 0.219694
0 0.668879 0.372243 0.072271 0.145667
0 0.814897 0.345976 0.057522 0.117011
0 0.769912 0.287470 0.050147 0.105071
0 0.927729 0.344782 0.041298 0.124175
0 0.961652 0.429555 0.073746 0.217306
0 0.816372 0.859847 0.255162 0.280306