0 0.225664 0.371190 0.056047 0.100295
0 0.459440 0.407571 0.060472 0.082596
0 0.558260 0.384956 0.063422 0.084562
0 0.651917 0.386922 0.047198 0.076696
0 0.825959 0.373156 0.061947 0.080629
0 0.883481 0.537365 0.058997 0.094395
0 0.016224 0.559980 0.032448 0.139626
0 0.163717 0.524582 0.058997 0.060964
0 0.160767 0.597345 0.082596 0.104228
0 0.304572 0.545231 0.063422 0.066863
0 0.283186 0.660275 0.117994 0.222222
0 0.436578 0.716323 0.218289 0.338250
0 0.605457 0.641593 0.131268 0.243854
0 0.716814 0.594395 0.106195 0.157325
0 0.740413 0.517699 0.115044 0.129794