0 0.420482 0.201972 0.093101 0.137613
0 0.534570 0.396350 0.086233 0.129585
0 0.588752 0.424446 0.046551 0.073394
0 0.626526 0.434194 0.051893 0.067660
0 0.614698 0.491532 0.049603 0.095182
0 0.668880 0.462863 0.057234 0.086008
0 0.713523 0.436487 0.061050 0.081421
0 0.904686 0.446235 0.054182 0.084861
0 0.940171 0.445661 0.053419 0.069953
0 0.982524 0.435340 0.034341 0.088302
0 0.943987 0.515041 0.041209 0.075687
0 0.891331 0.521348 0.061050 0.111237
0 0.959631 0.640613 0.067918 0.124998
0 0.910027 0.696805 0.064866 0.113531
0 0.844399 0.580981 0.064866 0.108944
0 0.979243 0.774212 0.041514 0.114677
0 0.863095 0.809762 0.108364 0.165135
0 0.784875 0.883729 0.084707 0.150227
0 0.780678 0.748410 0.097680 0.134173
0 0.783349 0.658961 0.063339 0.106650
0 0.791743 0.541417 0.049603 0.073394
0 0.676511 0.589008 0.058761 0.113531
0 0.703602 0.755864 0.065629 0.114677
0 0.603632 0.607356 0.076313 0.134173
0 0.567766 0.877995 0.119048 0.124998
0 0.560134 0.974261 0.132784 0.051478
0 0.476954 0.768478 0.096154 0.139906
0 0.340354 0.828684 0.108364 0.131879
0 0.303724 0.728914 0.061050 0.111237
0 0.257937 0.642906 0.056471 0.118118
0 0.271291 0.597609 0.037393 0.064219
0 0.245345 0.569513 0.049603 0.056192
0 0.211767 0.624558 0.052656 0.106650
0 0.239240 0.736368 0.067918 0.146787
0 0.177045 0.825243 0.056471 0.095182
0 0.267094 0.869968 0.109890 0.163989
0 0.063721 0.810909 0.127442 0.183484
0 0.013736 0.676163 0.027472 0.099769
0 0.014499 0.522495 0.028998 0.106650
0 0.059524 0.593022 0.044261 0.098623
0 0.118666 0.501280 0.052656 0.105503
0 0.201084 0.492106 0.041972 0.087155
0 0.232753 0.497839 0.035104 0.080274
0 0.183913 0.542564 0.051893 0.082568
0 0.114850 0.590155 0.048077 0.049311
0 0.423077 0.932423 0.112179 0.135154
0 0.141827 0.752864 0.059295 0.127636