0 0.209440 0.130714 0.112094 0.206268
0 0.325221 0.278207 0.181416 0.368177
0 0.449853 0.182835 0.112094 0.181871
0 0.507375 0.104099 0.061947 0.117551
0 0.612094 0.077484 0.038348 0.082064
0 0.570796 0.030425 0.029499 0.060849
0 0.463127 0.016008 0.038348 0.032016
0 0.314159 0.041514 0.088496 0.083028
0 0.738201 0.283751 0.140118 0.312729
0 0.915192 0.252700 0.092920 0.179653
0 0.852507 0.117406 0.053097 0.095371
0 0.911504 0.083028 0.032448 0.070974
0 0.928466 0.029798 0.036873 0.053230
0 0.848083 0.024880 0.050147 0.049759
0 0.774336 0.043106 0.032448 0.053230
0 0.737687 0.039464 0.044248 0.078928
0 0.688746 0.053052 0.070618 0.098799