0 0.880224 0.180219 0.118267 0.156914
0 0.744069 0.361734 0.046710 0.078457
0 0.705309 0.379686 0.042735 0.069149
0 0.668537 0.359740 0.038760 0.061170
0 0.626073 0.394979 0.060624 0.083776
0 0.592057 0.376362 0.037766 0.059840
0 0.568837 0.428888 0.065593 0.098404
0 0.538163 0.371043 0.040747 0.059840
0 0.480430 0.369713 0.058636 0.073138
0 0.437470 0.384341 0.047704 0.094415
0 0.311207 0.432878 0.086464 0.143617
0 0.248866 0.363064 0.046710 0.073138
0 0.190636 0.373037 0.033790 0.063830
0 0.226911 0.429553 0.044723 0.075798
0 0.185170 0.498702 0.088452 0.158244
0 0.149302 0.385005 0.048698 0.074468
0 0.097035 0.355085 0.047704 0.070479
0 0.066226 0.546574 0.132452 0.214095
0 0.028098 0.409606 0.039754 0.054521
0 0.036049 0.349101 0.045717 0.053191