0 0.229167 0.364554 0.105769 0.142702
0 0.427083 0.336739 0.075321 0.096747
0 0.364333 0.146046 0.028546 0.043839
0 0.430439 0.224276 0.027544 0.035524
0 0.437200 0.198199 0.024038 0.033257
0 0.498439 0.202936 0.018902 0.039691
0 0.513437 0.207278 0.025888 0.039691
0 0.582060 0.198905 0.022600 0.037831
0 0.628698 0.216580 0.037804 0.055816
0 0.619247 0.290071 0.040270 0.070080
0 0.736152 0.367283 0.087525 0.133958
0 0.556319 0.280134 0.045788 0.080623
0 0.893620 0.281862 0.054945 0.086382
0 0.803953 0.566921 0.115232 0.193495
0 0.673878 0.778149 0.219551 0.432945
0 0.912428 0.254137 0.042390 0.060077