0 0.886117 0.390473 0.058915 0.082857
0 0.828617 0.404749 0.049331 0.092612
0 0.783985 0.373878 0.046198 0.086438
0 0.749140 0.363588 0.037585 0.069974
0 0.726433 0.411952 0.045415 0.084380
0 0.713904 0.371820 0.031321 0.063800
0 0.684399 0.350211 0.036802 0.059683
0 0.683224 0.426873 0.045415 0.081293
0 0.649554 0.384683 0.031321 0.075119
0 0.620974 0.401147 0.036802 0.081293
0 0.602573 0.362044 0.032887 0.054538
0 0.562425 0.425844 0.042283 0.081293
0 0.540892 0.366161 0.038368 0.058654
0 0.501349 0.413496 0.037585 0.073061
0 0.488429 0.365131 0.030538 0.048364
0 0.449990 0.406807 0.043066 0.067916
0 0.423758 0.346609 0.032887 0.058654
0 0.396673 0.396517 0.043066 0.069974
0 0.358625 0.379023 0.039151 0.061742
0 0.305806 0.402176 0.036019 0.083351
0 0.282707 0.375422 0.033670 0.087467
0 0.223625 0.380567 0.046198 0.073061
0 0.148490 0.377994 0.048547 0.084380
0 0.080794 0.356385 0.045415 0.078206