0 0.167055 0.484411 0.116550 0.220717
0 0.242327 0.399184 0.085470 0.142045
0 0.297446 0.355842 0.068473 0.097611
0 0.357178 0.316506 0.042249 0.065559
0 0.361305 0.279356 0.033994 0.053904
0 0.395299 0.272436 0.041764 0.056090
0 0.465472 0.257503 0.023796 0.039336
0 0.540016 0.260417 0.040793 0.050991
0 0.563811 0.339816 0.067988 0.113636
0 0.560412 0.282634 0.042735 0.034237
0 0.648553 0.394085 0.073329 0.150787
0 0.721154 0.454505 0.090218 0.208333
0 0.982253 0.405983 0.035494 0.130876
0 0.987892 0.306713 0.024216 0.073006
0 0.945216 0.288462 0.039767 0.059651
0 0.893281 0.283565 0.037987 0.065883
0 0.840456 0.335203 0.072412 0.108618
0 0.790895 0.272881 0.026709 0.051638
0 0.756470 0.252849 0.018400 0.036503
0 0.798314 0.249288 0.021368 0.022258
0 0.718186 0.297810 0.032051 0.065883
0 0.702457 0.263978 0.019587 0.033832
0 0.662393 0.292468 0.034425 0.060541
0 0.655271 0.266204 0.029677 0.047187
0 0.673077 0.238604 0.020180 0.038283
0 0.587607 0.249733 0.024929 0.035613
0 0.575736 0.260417 0.020180 0.030271
0 0.855591 0.178508 0.046890 0.092593