0 0.707558 0.103074 0.035830 0.057866
0 0.564878 0.239602 0.037110 0.059675
0 0.599428 0.273960 0.031991 0.059675
0 0.577674 0.320976 0.060143 0.077758
0 0.502815 0.297468 0.051186 0.063291
0 0.445871 0.258590 0.044787 0.065099
0 0.490659 0.233273 0.031991 0.054250
0 0.380610 0.254973 0.034550 0.043400
0 0.355017 0.226944 0.024313 0.041591
0 0.319187 0.160940 0.065262 0.101266
0 0.254565 0.234177 0.035830 0.052441
0 0.237290 0.257685 0.034550 0.052441
0 0.118923 0.273960 0.053745 0.077758
0 0.088851 0.246835 0.057584 0.056058
0 0.069017 0.350814 0.102371 0.144665
0 0.397885 0.315552 0.058863 0.088608
0 0.352457 0.506329 0.134362 0.216998
0 0.540565 0.820072 0.259767 0.240506
0 0.671088 0.402351 0.098532 0.139241
0 0.740188 0.277577 0.049906 0.074141
0 0.868792 0.342676 0.071660 0.135624
0 0.985582 0.317360 0.028836 0.095841