0 0.122596 0.383242 0.081731 0.159341
0 0.240385 0.483516 0.092949 0.195055
0 0.444712 0.538462 0.097756 0.200549
0 0.416667 0.450549 0.051282 0.101648
0 0.543269 0.701923 0.182692 0.340659
0 0.930288 0.439560 0.088141 0.195055
0 0.649038 0.359890 0.051282 0.140110
0 0.524840 0.332418 0.043269 0.096154
0 0.400641 0.303571 0.041667 0.087912
0 0.141827 0.271978 0.046474 0.085165
0 0.027244 0.266484 0.038462 0.079670
0 0.107372 0.206044 0.032051 0.079670
0 0.190705 0.215659 0.038462 0.071429
0 0.259615 0.215659 0.028846 0.071429
0 0.290865 0.181319 0.036859 0.068681
0 0.371795 0.232143 0.035256 0.082418
0 0.418269 0.156593 0.032051 0.090659
0 0.459936 0.229396 0.041667 0.104396
0 0.512019 0.175824 0.043269 0.074176
0 0.586538 0.171703 0.035256 0.065934
0 0.588141 0.232143 0.038462 0.093407
0 0.695513 0.182692 0.028846 0.082418
0 0.796474 0.240385 0.054487 0.087912
0 0.941506 0.265110 0.052885 0.082418
0 0.956731 0.174451 0.057692 0.087912