0 0.112494 0.097649 0.140212 0.184448
0 0.213620 0.233273 0.029780 0.036166
0 0.307302 0.230561 0.085616 0.128391
0 0.435105 0.268535 0.058318 0.103074
0 0.476052 0.276673 0.048392 0.104882
0 0.520722 0.296564 0.053355 0.112116
0 0.558566 0.323689 0.029780 0.065099
0 0.599513 0.331826 0.029780 0.070524
0 0.664656 0.335443 0.033502 0.063291
0 0.699399 0.374322 0.018612 0.039783
0 0.728558 0.385172 0.012408 0.036166
0 0.750893 0.388788 0.014890 0.032550
0 0.768884 0.390597 0.011167 0.028933
0 0.786876 0.400542 0.019853 0.045208
0 0.928949 0.247740 0.038465 0.065099