0 0.646018 0.365113 0.050147 0.068921
0 0.848820 0.568921 0.051622 0.082705
0 0.727981 0.657245 0.038629 0.030006
0 0.738868 0.694753 0.030903 0.058137
0 0.768015 0.641773 0.054081 0.068452
0 0.885658 0.789929 0.098328 0.122838
0 0.710423 0.715851 0.066723 0.094707
0 0.683031 0.769768 0.083579 0.097520
0 0.591726 0.693346 0.041438 0.074078
0 0.754319 0.925205 0.096924 0.149590
0 0.856511 0.931769 0.132743 0.136462
0 0.465304 0.669904 0.045652 0.079704
0 0.504284 0.725228 0.070235 0.081579
0 0.513415 0.803056 0.091305 0.100333
0 0.396825 0.689595 0.042141 0.068452
0 0.422461 0.752421 0.052676 0.045947
0 0.435806 0.779145 0.069532 0.069389
0 0.457578 0.843846 0.089198 0.133153
0 0.570305 0.949337 0.133446 0.089081
0 0.430538 0.957776 0.123613 0.075953
0 0.367327 0.773988 0.073044 0.128464
0 0.294634 0.791335 0.075151 0.103146
0 0.022475 0.760391 0.044950 0.078766
0 0.073044 0.768362 0.060402 0.117212
0 0.128529 0.717257 0.044950 0.063763
0 0.179801 0.727572 0.033713 0.065639
0 0.230018 0.694284 0.049867 0.062826
0 0.136606 0.817122 0.038629 0.090956
0 0.181205 0.824623 0.056188 0.128464
0 0.228614 0.842908 0.097626 0.144405