0 0.505162 0.265487 0.039823 0.070796
0 0.058260 0.588496 0.107670 0.212389
0 0.205752 0.691372 0.131268 0.280973
0 0.369469 0.855088 0.160767 0.263274
0 0.809735 0.723451 0.176991 0.252212
0 0.648968 0.675885 0.150442 0.232301
0 0.457965 0.631637 0.134218 0.161504
0 0.193215 0.484513 0.094395 0.101770
0 0.415929 0.454646 0.056047 0.099558
0 0.494838 0.448009 0.066372 0.103982
0 0.576696 0.448009 0.056047 0.095133
0 0.633481 0.423673 0.084071 0.130531
0 0.768437 0.486726 0.073746 0.088496
0 0.839971 0.485619 0.066372 0.157080
0 0.967552 0.564159 0.064896 0.199115