0 0.094123 0.495301 0.091657 0.102257
0 0.132703 0.435443 0.062196 0.087293
0 0.162632 0.397097 0.048167 0.069211
0 0.199576 0.374962 0.025720 0.047387
0 0.222022 0.349709 0.031332 0.040529
0 0.177363 0.295265 0.034605 0.047387
0 0.360465 0.255048 0.031799 0.049258
0 0.280499 0.359175 0.046764 0.049258
0 0.289851 0.415916 0.054246 0.090410
0 0.303881 0.515622 0.071081 0.101634
0 0.421726 0.406506 0.033670 0.060481
0 0.400916 0.388736 0.025720 0.059858
0 0.358828 0.364107 0.030397 0.033047
0 0.348306 0.344466 0.019641 0.036164
0 0.531366 0.488301 0.059858 0.101634
0 0.457479 0.357362 0.020576 0.034294
0 0.490447 0.380743 0.026655 0.044893
0 0.511725 0.351948 0.012159 0.023694
0 0.523182 0.379071 0.025720 0.056740
0 0.560827 0.357872 0.014964 0.029305
0 0.584443 0.354442 0.025720 0.031176
0 0.591458 0.382812 0.032267 0.059234
0 0.627848 0.371901 0.026655 0.036164
0 0.651698 0.358495 0.027591 0.035541
0 0.692383 0.366913 0.023850 0.056117
0 0.657076 0.405571 0.035541 0.066093
0 0.763931 0.357673 0.031332 0.044893
0 0.745693 0.386043 0.033202 0.035541
0 0.754812 0.423455 0.053311 0.057987
0 0.793393 0.482065 0.075290 0.086669
0 0.815839 0.356114 0.021979 0.031799
0 0.827063 0.375444 0.021979 0.038035
0 0.844833 0.359544 0.023850 0.038658
0 0.857225 0.420649 0.044893 0.077316
0 0.885284 0.378873 0.043023 0.072328
0 0.942974 0.462424 0.058923 0.114728
0 0.955834 0.392590 0.055649 0.056117
0 0.978280 0.362973 0.036944 0.045517