0 0.964938 0.301462 0.043344 0.061252
0 0.975384 0.489929 0.049232 0.188467
0 0.901589 0.388628 0.075019 0.129571
0 0.867414 0.303229 0.046678 0.045939
0 0.797813 0.303818 0.047512 0.065963
0 0.721468 0.331499 0.048345 0.055362
0 0.706881 0.382150 0.072518 0.102479
0 0.657513 0.478739 0.096691 0.133104
0 0.618261 0.316775 0.043344 0.054184
0 0.509749 0.402174 0.063349 0.097767
0 0.478605 0.342100 0.055014 0.062430
0 0.379072 0.382738 0.067517 0.089522
0 0.379299 0.713679 0.177544 0.293301
0 0.192889 0.504599 0.102526 0.157841
0 0.142043 0.266285 0.065850 0.111902
0 0.093167 0.458875 0.084188 0.148417
0 0.018035 0.446507 0.036070 0.118969