0 0.911783 0.482796 0.054910 0.087421
0 0.967230 0.483563 0.058140 0.064415
0 0.946774 0.578652 0.103359 0.131898
0 0.821343 0.563315 0.097976 0.141100
0 0.728751 0.504268 0.061370 0.108893
0 0.657691 0.459791 0.069983 0.105825
0 0.636158 0.304887 0.065676 0.108893
0 0.588198 0.549512 0.091516 0.138033
0 0.502065 0.531875 0.072136 0.111960
0 0.440891 0.505802 0.065676 0.148769
0 0.395672 0.498900 0.054910 0.070550
0 0.695795 0.715332 0.149871 0.261343
0 0.834038 0.783428 0.204134 0.360726
0 0.139378 0.475759 0.095976 0.110426
0 0.126458 0.593197 0.072598 0.145482
0 0.063089 0.615107 0.118125 0.143730