0 0.933696 0.406523 0.061618 0.093831
0 0.971462 0.318681 0.049692 0.071871
0 0.877047 0.324171 0.037103 0.044919
0 0.826693 0.450444 0.071556 0.111799
0 0.640213 0.506343 0.062281 0.115792
0 0.622323 0.433974 0.031803 0.064883
0 0.675659 0.399036 0.029815 0.070873
0 0.729989 0.377575 0.027165 0.053903
0 0.745891 0.436469 0.036441 0.063885
0 0.754775 0.358609 0.025177 0.041925
0 0.768689 0.336649 0.031803 0.039928
0 0.773266 0.307837 0.015901 0.022959
0 0.715413 0.344770 0.017889 0.030944
0 0.705806 0.327801 0.015901 0.022959
0 0.682948 0.350260 0.025840 0.035935
0 0.635605 0.353754 0.031140 0.050908
0 0.587328 0.399173 0.041079 0.051907
0 0.586666 0.358745 0.022527 0.036934
0 0.514025 0.283018 0.018552 0.033939
0 0.469814 0.297991 0.017227 0.031943
0 0.453582 0.299987 0.015239 0.025953
0 0.429398 0.282020 0.017227 0.025953
0 0.421448 0.314461 0.022527 0.030944
0 0.399342 0.295994 0.014576 0.029946
0 0.377899 0.291502 0.014576 0.024955
0 0.372930 0.312964 0.017889 0.029946
0 0.401270 0.397312 0.019877 0.038930
0 0.361847 0.331930 0.021864 0.031943
0 0.347602 0.297991 0.019877 0.029946
0 0.329984 0.262055 0.013914 0.027950
0 0.296043 0.270041 0.015901 0.027950
0 0.313932 0.313463 0.014576 0.026952
0 0.274179 0.273535 0.014576 0.028948
0 0.237106 0.282020 0.017889 0.033939
0 0.205574 0.255068 0.013251 0.031943
0 0.204911 0.299488 0.025177 0.038930
0 0.280774 0.326939 0.017889 0.031943
0 0.234727 0.330932 0.021202 0.037932
0 0.171482 0.261057 0.021202 0.033939
0 0.146636 0.274034 0.020539 0.031943
0 0.081675 0.222536 0.018552 0.038930
0 0.028339 0.236510 0.029815 0.042923
0 0.010029 0.290913 0.020057 0.033939
0 0.045235 0.286920 0.026502 0.033939
0 0.103540 0.254478 0.023852 0.032941
0 0.088964 0.312374 0.019877 0.044919
0 0.123085 0.306884 0.023190 0.043921
0 0.020389 0.345814 0.029815 0.041925
0 0.016745 0.379254 0.030478 0.058894
0 0.011685 0.421678 0.023370 0.073867
0 0.055173 0.431660 0.049029 0.043921
0 0.057823 0.500037 0.062281 0.068876
0 0.128055 0.619368 0.099384 0.124776
0 0.110497 0.412739 0.027165 0.040926
0 0.137993 0.368818 0.027827 0.038930
0 0.165820 0.435199 0.035778 0.079856
0 0.025930 0.641328 0.051860 0.168697
0 0.205032 0.431206 0.031803 0.051907
0 0.221927 0.458656 0.045717 0.068876
0 0.271890 0.371813 0.025177 0.034937
0 0.275865 0.449174 0.030478 0.065882
0 0.337845 0.379798 0.021202 0.044919
0 0.310349 0.456660 0.033790 0.096826
0 0.343145 0.489601 0.035778 0.066880