0 0.023825 0.340824 0.047237 0.078652
0 0.086299 0.339888 0.062474 0.091760
0 0.140392 0.367978 0.060950 0.076779
0 0.159439 0.332397 0.038094 0.050562
0 0.248579 0.372659 0.088378 0.082397
0 0.217342 0.451311 0.117330 0.116105
0 0.290483 0.512172 0.147805 0.196629
0 0.602854 0.441011 0.132567 0.177903
0 0.768944 0.363296 0.083807 0.112360
0 0.902273 0.398876 0.106663 0.123596
0 0.700375 0.243446 0.044189 0.052434
0 0.410098 0.424488 0.121901 0.166006
0 0.481715 0.344569 0.045713 0.082397
0 0.347164 0.327165 0.037198 0.048469
0 0.367332 0.302930 0.030027 0.022031
0 0.382794 0.329092 0.060054 0.036902