0 0.164454 0.709642 0.154867 0.230311
0 0.303097 0.587597 0.125369 0.147635
0 0.242625 0.385829 0.075221 0.122045
0 0.294248 0.351380 0.030973 0.061023
0 0.314159 0.437993 0.020649 0.053149
0 0.348083 0.446851 0.041298 0.051180
0 0.392330 0.452757 0.047198 0.059054
0 0.537611 0.746059 0.184366 0.255901
0 0.640855 0.562991 0.143068 0.220469
0 0.837758 0.462599 0.064897 0.106297
0 0.904130 0.461615 0.041298 0.112203
0 0.741150 0.366144 0.042773 0.098424
0 0.636431 0.430119 0.063422 0.068896
0 0.031711 0.535432 0.060472 0.157478
0 0.375615 0.416662 0.033432 0.045931
0 0.421091 0.415350 0.029007 0.049868
0 0.443953 0.404852 0.025565 0.044619
0 0.506391 0.410101 0.034415 0.044619
0 0.543265 0.418303 0.035398 0.045275
0 0.527286 0.354656 0.032940 0.045275
0 0.563668 0.354327 0.022124 0.044619
0 0.595379 0.335299 0.026549 0.039369
0 0.639872 0.376309 0.029007 0.037401
0 0.714110 0.338580 0.032940 0.049868
0 0.870514 0.384265 0.026426 0.046751
0 0.807829 0.395748 0.042404 0.058234