0 0.032051 0.328313 0.064102 0.107854
0 0.076923 0.337118 0.064103 0.112257
0 0.179487 0.233665 0.057692 0.085843
0 0.204327 0.321710 0.075321 0.116659
0 0.230769 0.126911 0.064103 0.114458
0 0.311699 0.132414 0.059295 0.085843
0 0.309295 0.367933 0.060897 0.107854
0 0.363782 0.253475 0.054487 0.077039
0 0.407051 0.304101 0.067308 0.099050
0 0.477564 0.104900 0.048077 0.079240
0 0.560096 0.092794 0.049679 0.081441
0 0.530449 0.265582 0.076923 0.110056
0 0.500000 0.582542 0.070513 0.118860
0 0.642628 0.635368 0.064103 0.105653
0 0.661058 0.288693 0.065705 0.103452
0 0.691506 0.089493 0.065705 0.105653
0 0.763622 0.140118 0.065705 0.101251
0 0.798077 0.363531 0.060897 0.094648
0 0.854167 0.246872 0.067308 0.107854
0 0.934295 0.284291 0.041667 0.077039
0 0.975962 0.310704 0.048076 0.129866