0 0.110619 0.431363 0.088496 0.137274
0 0.162979 0.368261 0.060472 0.064209
0 0.158028 0.325255 0.043194 0.038747
0 0.288137 0.320115 0.030552 0.044282
0 0.312895 0.339884 0.044248 0.060097
0 0.243363 0.409074 0.058997 0.081447
0 0.313158 0.447821 0.061631 0.103588
0 0.440634 0.381398 0.063738 0.073540
0 0.513854 0.393259 0.052149 0.078284
0 0.449062 0.554572 0.113253 0.165266
0 0.628319 0.753514 0.153392 0.245764
0 0.710177 0.487822 0.087021 0.135060
0 0.812684 0.462360 0.079646 0.110705
0 0.957965 0.495572 0.084070 0.137274
0 0.840708 0.207740 0.067847 0.110705
0 0.537611 0.209954 0.036873 0.066423