0 0.262143 0.241578 0.095238 0.209469
0 0.071071 0.628642 0.060714 0.145718
0 0.159762 0.700362 0.071429 0.143441
0 0.368690 0.599043 0.058333 0.109288
0 0.413333 0.649133 0.045238 0.104735
0 0.476429 0.537568 0.038095 0.091074
0 0.253214 0.924631 0.120238 0.136611
0 0.516310 0.803958 0.108333 0.173040
0 0.585357 0.578551 0.041667 0.100181
0 0.578810 0.501138 0.040476 0.072859
0 0.650238 0.544398 0.040476 0.086520
0 0.683571 0.509107 0.033333 0.088797
0 0.738333 0.495446 0.035714 0.084243
0 0.798452 0.488616 0.041667 0.088797
0 0.855595 0.572859 0.041667 0.088797
0 0.916905 0.550091 0.057143 0.079689
0 0.959167 0.618396 0.041667 0.107012
0 0.913929 0.678732 0.065476 0.136611
0 0.796667 0.685563 0.073810 0.177594
0 0.703810 0.652548 0.073810 0.152548
0 0.734167 0.814204 0.110714 0.207193