0 0.983770 0.360759 0.031193 0.052441
0 0.943083 0.391501 0.036618 0.070524
0 0.903752 0.370705 0.031193 0.057866
0 0.833906 0.365280 0.027125 0.039783
0 0.851537 0.401447 0.040687 0.047016
0 0.861709 0.471971 0.058318 0.101266
0 0.949186 0.529837 0.075949 0.115732
0 0.972920 0.443038 0.044756 0.072333
0 0.800000 0.419530 0.040687 0.068716
0 0.753888 0.396926 0.037975 0.056058
0 0.727441 0.490958 0.055606 0.092224
0 0.741682 0.707052 0.124774 0.195298
0 0.715913 0.443942 0.046112 0.041591
0 0.679973 0.432188 0.042043 0.057866
0 0.709810 0.379747 0.036618 0.057866
0 0.648779 0.391501 0.036618 0.048825
0 0.614873 0.391501 0.033906 0.059675
0 0.574186 0.395118 0.036618 0.048825
0 0.597920 0.425859 0.043400 0.056058
0 0.599277 0.467450 0.035262 0.074141
0 0.559268 0.475588 0.063743 0.094033
0 0.504340 0.402351 0.029837 0.045208
0 0.461618 0.352622 0.033906 0.061483
0 0.404656 0.442134 0.028481 0.070524
0 0.462297 0.460217 0.043400 0.081374
0 0.488065 0.454792 0.018987 0.059675
0 0.357866 0.443038 0.046112 0.068716
0 0.315823 0.423146 0.032550 0.054250
0 0.300226 0.443038 0.036618 0.068716
0 0.324638 0.529837 0.088156 0.115732
0 0.476537 0.632911 0.101718 0.148282
0 0.433816 0.752260 0.149186 0.227848
0 0.208680 0.642857 0.122061 0.121157
0 0.213427 0.532550 0.063743 0.099458
0 0.230380 0.424051 0.051537 0.066908
0 0.140190 0.423146 0.042043 0.065099
0 0.119168 0.504521 0.065099 0.094033
0 0.111709 0.585895 0.082731 0.112116
0 0.048644 0.495479 0.048825 0.079566
0 0.177683 0.464237 0.048437 0.077499
0 0.031013 0.436709 0.037975 0.037975