0 0.917181 0.619828 0.069142 0.134301
0 0.850279 0.429189 0.045455 0.085361
0 0.878448 0.410979 0.033931 0.069427
0 0.768973 0.433742 0.054417 0.087637
0 0.703032 0.458781 0.054417 0.101295
0 0.670062 0.391062 0.037132 0.075117
0 0.614917 0.358056 0.041613 0.084223
0 0.565941 0.479837 0.078105 0.145682
0 0.502939 0.373421 0.049296 0.067150
0 0.566319 0.400167 0.041613 0.056907
0 0.489495 0.326188 0.039052 0.043249
0 0.380253 0.357487 0.046735 0.094466
0 0.431469 0.437726 0.060819 0.104709
0 0.273658 0.290336 0.046095 0.101295
0 0.243976 0.564628 0.096031 0.183241
0 0.164911 0.426913 0.080026 0.149097
0 0.199162 0.348381 0.048656 0.058045
0 0.098010 0.423499 0.053777 0.058045
0 0.363869 0.781296 0.145967 0.254944