0 0.050678 0.402351 0.033906 0.037975
0 0.021519 0.415009 0.029837 0.041591
0 0.231058 0.508137 0.066456 0.101266
0 0.231736 0.423146 0.032550 0.047016
0 0.387025 0.495479 0.052893 0.068716
0 0.371429 0.463834 0.040687 0.056058
0 0.325995 0.438517 0.031193 0.059675
0 0.307685 0.432188 0.027125 0.036166
0 0.289376 0.415009 0.023056 0.041591
0 0.379566 0.364376 0.018987 0.027125
0 0.455515 0.403255 0.018987 0.036166
0 0.486709 0.409584 0.016275 0.034358
0 0.507052 0.394213 0.013562 0.047016
0 0.540280 0.407776 0.014919 0.023508
0 0.979702 0.423146 0.036618 0.047016
0 0.918671 0.483725 0.055606 0.070524
0 0.931555 0.435805 0.037975 0.054250
0 0.879340 0.414105 0.033906 0.036166
0 0.837975 0.418626 0.029837 0.037975
0 0.796609 0.412297 0.028481 0.039783
0 0.782369 0.451175 0.035262 0.045208
0 0.824412 0.481917 0.062387 0.077758
0 0.747107 0.412297 0.032550 0.036166
0 0.718626 0.453888 0.043400 0.065099
0 0.696926 0.405063 0.029837 0.036166
0 0.663698 0.401447 0.020344 0.032550
0 0.632504 0.434901 0.033906 0.056058
0 0.581646 0.414105 0.021700 0.032550
0 0.523816 0.422887 0.029159 0.042495
0 0.558400 0.429668 0.033228 0.047016
0 0.614345 0.426955 0.021700 0.036166