0 0.070796 0.314985 0.047198 0.083068
0 0.053835 0.379174 0.057522 0.075516
0 0.079646 0.484897 0.079646 0.135929
0 0.190265 0.327571 0.044248 0.078033
0 0.260324 0.415674 0.054572 0.098171
0 0.247050 0.352743 0.042773 0.052861
0 0.359882 0.467276 0.070796 0.105723
0 0.343658 0.332606 0.053097 0.088102
0 0.373156 0.281003 0.035398 0.080551
0 0.459440 0.369105 0.042773 0.080551
0 0.544985 0.394277 0.048673 0.085585
0 0.702802 0.433294 0.072271 0.098171
0 0.721239 0.223107 0.032448 0.080551
0 0.971239 0.429518 0.057522 0.120826
0 0.727139 0.624602 0.097345 0.168653
0 0.519174 0.546568 0.091445 0.148515
0 0.359882 0.759272 0.120944 0.216480