0 0.250690 0.489434 0.045220 0.066802
0 0.399195 0.391053 0.032300 0.049798
0 0.342267 0.521621 0.047642 0.070446
0 0.262325 0.559881 0.037952 0.042511
0 0.276860 0.612108 0.063792 0.086236
0 0.402352 0.502188 0.051680 0.080163
0 0.394277 0.654619 0.080749 0.171257
0 0.467796 0.585387 0.047642 0.074090
0 0.488387 0.475467 0.032300 0.068017
0 0.327512 0.500366 0.033107 0.069232
0 0.528908 0.454211 0.012920 0.044940
0 0.551518 0.462106 0.038760 0.068017
0 0.581212 0.508261 0.042797 0.070446
0 0.575559 0.635185 0.076712 0.139678
0 0.657190 0.515548 0.044412 0.075305
0 0.664457 0.454211 0.023417 0.040081
0 0.714925 0.457248 0.025840 0.051013
0 0.730268 0.468179 0.048450 0.053442
0 0.764917 0.507046 0.041990 0.080163
0 0.821771 0.519192 0.054102 0.106884
0 0.889858 0.520406 0.057552 0.080163
0 0.954567 0.502188 0.052487 0.082592
0 0.870588 0.471216 0.044412 0.044940
0 0.949444 0.858475 0.101112 0.283050
0 0.684314 0.880448 0.218023 0.239104