0 0.119206 0.223169 0.064789 0.113952
0 0.149488 0.437400 0.083099 0.139022
0 0.235403 0.510899 0.097183 0.188021
0 0.335051 0.361621 0.042958 0.090022
0 0.357586 0.306924 0.041549 0.078627
0 0.510275 0.323447 0.047183 0.075209
0 0.544782 0.483550 0.075352 0.169789
0 0.600416 0.337691 0.047183 0.092301
0 0.637484 0.345098 0.037324 0.070650
0 0.660243 0.398656 0.064789 0.116231
0 0.879097 0.374726 0.050000 0.104836
0 0.978809 0.362761 0.042382 0.108255
0 0.900384 0.756393 0.185915 0.439856
0 0.945967 0.592301 0.108066 0.216509