0 0.138643 0.397724 0.038348 0.104770
0 0.182153 0.468818 0.069322 0.127221
0 0.298673 0.490022 0.069322 0.099781
0 0.302360 0.155755 0.032448 0.079825
0 0.748262 0.402188 0.019490 0.049891
0 0.815687 0.464106 0.017383 0.052563
0 0.835177 0.509542 0.036346 0.038309
0 0.835177 0.554088 0.031079 0.045436
0 0.832543 0.632042 0.037400 0.058800
0 0.828856 0.692178 0.032132 0.079290
0 0.787505 0.712669 0.031606 0.061472
0 0.760641 0.744741 0.032659 0.075727
0 0.714549 0.721132 0.042668 0.073054
0 0.879952 0.751868 0.041614 0.077509
0 0.418774 0.797305 0.045301 0.091763
0 0.476190 0.816459 0.043194 0.085527
0 0.575748 0.825368 0.044248 0.103345
0 0.627107 0.807550 0.044775 0.085527
0 0.687421 0.822695 0.038980 0.097999