0 0.078171 0.691740 0.053097 0.060964
0 0.179941 0.691740 0.035398 0.053097
0 0.252212 0.703540 0.044248 0.064897
0 0.298673 0.711406 0.042773 0.072763
0 0.384956 0.741888 0.041298 0.074730
0 0.429941 0.702557 0.042773 0.066863
0 0.482301 0.663225 0.047198 0.074730
0 0.517699 0.619961 0.038348 0.058997
0 0.562684 0.652409 0.036873 0.080629
0 0.642330 0.680924 0.048673 0.070796
0 0.720501 0.696657 0.054572 0.086529
0 0.794248 0.708456 0.048673 0.074730
0 0.831121 0.640610 0.048673 0.068830
0 0.898230 0.675025 0.050147 0.082596
0 0.952802 0.664208 0.044248 0.080629
0 0.132006 0.534415 0.042773 0.076696
0 0.195428 0.524582 0.036873 0.076696
0 0.235988 0.475418 0.029499 0.064897
0 0.258112 0.518682 0.038348 0.049164
0 0.297935 0.535398 0.041298 0.074730
0 0.370206 0.518682 0.044248 0.041298
0 0.325959 0.606195 0.032448 0.062930
0 0.376844 0.565880 0.051622 0.064897
0 0.431416 0.555064 0.054572 0.051131
0 0.435103 0.511799 0.041298 0.051131
0 0.511062 0.527532 0.045723 0.066863
0 0.567279 0.529272 0.030633 0.050677
0 0.603302 0.524733 0.028931 0.053702
0 0.671659 0.478216 0.039710 0.046895
0 0.664568 0.535323 0.043681 0.070343
0 0.734343 0.520952 0.044815 0.070343
0 0.748241 0.486915 0.038575 0.059753
0 0.513388 0.425649 0.043113 0.067317