0 0.075736 0.665729 0.077465 0.125417
0 0.250384 0.439531 0.052113 0.094063
0 0.322919 0.401458 0.047887 0.094063
0 0.237708 0.624297 0.066197 0.172448
0 0.368694 0.604141 0.069014 0.127656
0 0.521511 0.594063 0.056338 0.103021
0 0.587004 0.559349 0.049296 0.114219
0 0.634187 0.571667 0.050704 0.116458
0 0.717286 0.566068 0.059155 0.073906
0 0.756018 0.417135 0.040845 0.098542
0 0.803905 0.393620 0.043662 0.087344
0 0.915877 0.403698 0.045070 0.094063
0 0.906722 0.622057 0.049296 0.105261
0 0.817990 0.596302 0.060563 0.094063
0 0.520102 0.904531 0.169014 0.190937
0 0.663060 0.737396 0.108451 0.125417
0 0.769398 0.747474 0.098592 0.154531