0 0.530587 0.345693 0.051935 0.038202
0 0.336330 0.338871 0.050936 0.038363
0 0.335830 0.334082 0.005993 0.004494
0 0.392144 0.413657 0.032994 0.023408
0 0.328384 0.403625 0.032103 0.032772
0 0.024300 0.344436 0.039237 0.044141
0 0.124621 0.343098 0.038345 0.032103
0 0.222267 0.338751 0.041020 0.034109
0 0.253032 0.417335 0.040128 0.034778
0 0.162074 0.428036 0.049046 0.032103
0 0.089397 0.448101 0.092741 0.073569
0 0.187489 0.512975 0.051721 0.040128
0 0.258828 0.530029 0.065989 0.056849
0 0.331059 0.562132 0.060638 0.046148
0 0.543294 0.500268 0.065989 0.088283
0 0.499599 0.511303 0.049938 0.043472
0 0.697566 0.483547 0.060638 0.033440
0 0.702916 0.509296 0.051721 0.043472
0 0.785848 0.465824 0.085607 0.059524
0 0.791644 0.422352 0.075798 0.038122
0 0.906233 0.422017 0.071339 0.057517
0 0.984137 0.409231 0.031725 0.056180