0 0.432509 0.551112 0.078577 0.164779
0 0.552969 0.474736 0.063010 0.120277
0 0.631916 0.447674 0.063751 0.123885
0 0.706416 0.385130 0.045219 0.080586
0 0.343554 0.414597 0.042995 0.108249
0 0.466608 0.386332 0.051890 0.097424
0 0.550745 0.359871 0.043736 0.082991
0 0.659714 0.326795 0.039288 0.074572
0 0.711975 0.312963 0.032617 0.058936
0 0.750522 0.288908 0.032617 0.066152
0 0.669351 0.270867 0.025945 0.044502
0 0.634881 0.269664 0.025204 0.046908
0 0.604118 0.294321 0.028910 0.055327
0 0.584206 0.249146 0.020713 0.056459
0 0.543195 0.267965 0.034797 0.051082
0 0.498870 0.204785 0.027341 0.045705
0 0.813764 0.345745 0.040845 0.079984
0 0.859539 0.333176 0.047887 0.105122
0 0.789031 0.285204 0.025352 0.047229
0 0.900361 0.315919 0.035851 0.054015
0 0.925969 0.298260 0.020487 0.056093
0 0.208299 0.444724 0.055058 0.128806
0 0.253933 0.386451 0.045272 0.083249
0 0.262484 0.317893 0.038229 0.060396
0 0.410371 0.314628 0.034205 0.070190
0 0.453631 0.281982 0.024145 0.053867
0 0.501921 0.290959 0.022133 0.045705
0 0.468218 0.255864 0.027163 0.050602
0 0.514496 0.247703 0.029175 0.050602
0 0.419426 0.258313 0.022133 0.045705
0 0.400814 0.215056 0.037223 0.057132
0 0.354536 0.170983 0.047284 0.070190
0 0.368621 0.275452 0.031187 0.076719
0 0.304738 0.229747 0.022133 0.044073
0 0.338943 0.332584 0.032193 0.066925
0 0.286629 0.290959 0.030181 0.042441
0 0.267011 0.234644 0.031187 0.053867
0 0.234315 0.237092 0.026157 0.048970
0 0.152826 0.237092 0.036217 0.055499
0 0.198601 0.290959 0.031187 0.052235
0 0.032074 0.247479 0.035211 0.075414
0 0.023624 0.340032 0.040845 0.059417
0 0.108835 0.299785 0.030986 0.070333
0 0.162079 0.339712 0.037559 0.062845
0 0.135670 0.382561 0.048122 0.087602