0 0.142237 0.335595 0.051207 0.080434
0 0.189235 0.355704 0.052609 0.085110
0 0.270253 0.375812 0.033670 0.082305
0 0.302169 0.396856 0.049804 0.068275
0 0.269552 0.465599 0.060325 0.104751
0 0.358988 0.349624 0.052609 0.082305
0 0.344257 0.445490 0.062430 0.081369
0 0.379330 0.557256 0.054012 0.095398
0 0.390904 0.421173 0.040685 0.081369
0 0.438954 0.427720 0.051207 0.109428
0 0.457192 0.344013 0.048401 0.095398
0 0.511204 0.421641 0.051207 0.082305
0 0.555396 0.353365 0.054012 0.099140
0 0.767492 0.433332 0.052609 0.105686
0 0.732068 0.354768 0.064534 0.098204
0 0.681914 0.449231 0.054012 0.086981
0 0.603350 0.415561 0.058221 0.098204
0 0.660169 0.395453 0.056818 0.104751