0 0.047577 0.536166 0.038184 0.070524
0 0.020479 0.518083 0.033257 0.063291
0 0.157203 0.502712 0.033257 0.061483
0 0.186765 0.544304 0.040648 0.065099
0 0.204626 0.514467 0.029562 0.041591
0 0.282842 0.518987 0.025867 0.068716
0 0.268061 0.501808 0.020940 0.048825
0 0.305629 0.526221 0.014781 0.050633
0 0.489776 0.283002 0.070210 0.121157
0 0.923353 0.540687 0.038184 0.072333
0 0.973239 0.578662 0.032026 0.068716
0 0.739206 0.531646 0.034489 0.075949
0 0.670844 0.516275 0.040648 0.056058
0 0.598787 0.528029 0.029562 0.075949
0 0.557523 0.520796 0.018476 0.061483
0 0.534735 0.478300 0.032026 0.052441
0 0.475611 0.472875 0.024635 0.048825
0 0.423878 0.514467 0.017245 0.059675
0 0.521802 0.551537 0.035721 0.057866
0 0.497783 0.525316 0.024635 0.066908