0 0.727455 0.657922 0.037927 0.058295
0 0.693742 0.693742 0.044248 0.059699
0 0.674515 0.635447 0.026865 0.047057
0 0.647914 0.653357 0.032659 0.042141
0 0.588127 0.632287 0.022651 0.040736
0 0.564159 0.623508 0.023177 0.034415
0 0.573904 0.653006 0.032132 0.042843
0 0.537031 0.658625 0.033186 0.051271
0 0.613938 0.723943 0.041614 0.065318
0 0.563106 0.725348 0.068479 0.070937
0 0.347398 0.604544 0.020544 0.028796
0 0.416403 0.608758 0.020544 0.030201
0 0.492783 0.619645 0.020544 0.032308
0 0.474347 0.625966 0.006848 0.037927
0 0.461705 0.638959 0.020544 0.042843
0 0.422198 0.645280 0.030025 0.048462
0 0.363201 0.630882 0.026865 0.037927
0 0.386905 0.616835 0.016330 0.043545
0 0.406922 0.698307 0.051096 0.058997
0 0.359250 0.716217 0.047408 0.068128
0 0.312368 0.607354 0.025284 0.033010
0 0.312632 0.640364 0.025811 0.044248
0 0.286294 0.624912 0.025811 0.037224
0 0.283923 0.675832 0.038980 0.051974
0 0.221502 0.692337 0.044775 0.058295
0 0.198325 0.655815 0.032132 0.038629
0 0.227033 0.632287 0.030552 0.046355
0 0.212811 0.612972 0.025284 0.038629
0 0.172250 0.614728 0.026338 0.040736
0 0.026338 0.640715 0.041087 0.056188
0 0.102981 0.628775 0.033186 0.054783
0 0.129319 0.658274 0.038453 0.057592
0 0.082965 0.773810 0.080594 0.111673
0 0.266277 0.812087 0.094290 0.112375
0 0.103245 0.894297 0.120944 0.186824
0 0.918142 0.519666 0.078171 0.098328