0 0.235577 0.519256 0.060897 0.143775
0 0.006410 0.579590 0.012820 0.089860
0 0.369391 0.696407 0.088141 0.189989
0 0.572115 0.837615 0.108974 0.184854
0 0.967147 0.532093 0.065705 0.082157
0 0.960737 0.458921 0.040064 0.069320
0 0.985830 0.412557 0.028340 0.054218
0 0.910931 0.412473 0.037112 0.040538
0 0.872132 0.417878 0.028677 0.051348
0 0.845563 0.458417 0.037955 0.056753
0 0.886049 0.390853 0.026147 0.035133
0 0.817308 0.388826 0.028677 0.047294
0 0.829960 0.365179 0.015182 0.032431
0 0.793269 0.370584 0.019399 0.037836
0 0.757844 0.386124 0.027834 0.047294
0 0.732119 0.352342 0.015182 0.028377
0 0.764592 0.359098 0.016026 0.022972
0 0.472756 0.507738 0.048077 0.093238
0 0.258097 0.428689 0.053981 0.099994
0 0.053138 0.428013 0.060729 0.087833
0 0.052716 0.343559 0.048077 0.070266
0 0.028256 0.290183 0.029521 0.052700
0 0.011808 0.271941 0.015182 0.032431
0 0.064103 0.275319 0.018556 0.033782
0 0.090671 0.322614 0.032895 0.044592
0 0.126518 0.342207 0.043860 0.064861
0 0.109227 0.263834 0.022773 0.040538
0 0.140435 0.268563 0.017713 0.039187
0 0.157726 0.265860 0.015182 0.033782
0 0.175439 0.314506 0.028677 0.041889
0 0.199899 0.284103 0.013495 0.029728
0 0.207912 0.305047 0.017713 0.036484
0 0.226889 0.306399 0.018556 0.025674
0 0.271592 0.295588 0.020243 0.031079
0 0.304909 0.323289 0.019399 0.043241
0 0.294366 0.366530 0.037112 0.064861
0 0.389254 0.377340 0.029521 0.048646
0 0.425101 0.417203 0.038799 0.079725
0 0.525051 0.392880 0.027834 0.063510
0 0.587045 0.428689 0.038799 0.067564
0 0.587045 0.373287 0.025304 0.045943
0 0.318869 0.294100 0.017258 0.024358
0 0.336538 0.304633 0.018080 0.032257
0 0.373521 0.327344 0.014793 0.036865
0 0.392834 0.310887 0.018080 0.025016
0 0.419338 0.352689 0.020957 0.040157
0 0.442143 0.324382 0.018080 0.026991
0 0.463100 0.309899 0.016437 0.032257
0 0.476660 0.337877 0.016437 0.035549
0 0.529463 0.347423 0.019313 0.034891
0 0.557405 0.335244 0.019313 0.032916
0 0.568705 0.329978 0.014793 0.028966
0 0.600140 0.336561 0.016847 0.025016
0 0.538708 0.238472 0.011506 0.027649
0 0.462484 0.253284 0.020135 0.021724