0 0.977710 0.392284 0.044580 0.081145
0 0.978069 0.512480 0.043862 0.134904
0 0.853496 0.439449 0.074648 0.147076
0 0.835030 0.681318 0.140683 0.242422
0 0.659339 0.368493 0.045220 0.087231
0 0.705994 0.388272 0.055268 0.057816
0 0.702764 0.482604 0.109101 0.181563
0 0.620644 0.451160 0.066753 0.138961
0 0.541690 0.364436 0.053833 0.089260
0 0.399766 0.197765 0.045220 0.076074
0 0.304759 0.370199 0.055268 0.078102
0 0.252362 0.382878 0.056704 0.089260
0 0.202118 0.350420 0.048091 0.066945
0 0.146491 0.339262 0.043066 0.064916
0 0.173766 0.417365 0.074648 0.093317
0 0.095301 0.380849 0.063882 0.081145
0 0.079510 0.495974 0.109819 0.163305
0 0.022708 0.390485 0.045415 0.084188