0 0.109973 0.516275 0.029179 0.048825
0 0.027907 0.594033 0.052279 0.092224
0 0.174410 0.620253 0.058358 0.079566
0 0.164076 0.555154 0.047416 0.054250
0 0.237631 0.517179 0.029179 0.047016
0 0.229729 0.561483 0.032826 0.048825
0 0.277753 0.512658 0.026747 0.037975
0 0.310579 0.525316 0.034042 0.041591
0 0.312403 0.579566 0.044984 0.063291
0 0.054046 0.551537 0.034042 0.057866
0 0.353132 0.504521 0.024316 0.039783
0 0.369545 0.519892 0.037690 0.056058
0 0.385350 0.571429 0.030395 0.061483
0 0.430943 0.610307 0.055927 0.103074
0 0.513009 0.613924 0.044984 0.081374
0 0.592644 0.703436 0.077811 0.115732
0 0.438238 0.519892 0.026747 0.048825
0 0.497204 0.520796 0.027963 0.039783
0 0.532462 0.538879 0.030395 0.050633
0 0.585957 0.523508 0.030395 0.045208
0 0.626686 0.532550 0.026747 0.045208
0 0.610880 0.608499 0.048632 0.084991
0 0.676533 0.564195 0.034042 0.061483
0 0.730028 0.549729 0.036474 0.050633
0 0.747657 0.535262 0.020669 0.039783
0 0.800545 0.464738 0.026747 0.043400
0 0.816958 0.579566 0.040121 0.074141
0 0.914221 0.738698 0.096048 0.142857
0 0.947656 0.669982 0.070516 0.081374
0 0.954951 0.624774 0.072948 0.052441
0 0.935498 0.585895 0.046200 0.047016
0 0.933674 0.554250 0.040121 0.048825