0 0.018502 0.658579 0.037004 0.097262
0 0.064469 0.641664 0.057746 0.080346
0 0.113060 0.635320 0.053521 0.093033
0 0.183483 0.639549 0.053521 0.084575
0 0.246863 0.632149 0.047887 0.078232
0 0.315173 0.635320 0.052113 0.071889
0 0.381370 0.617348 0.049296 0.069775
0 0.452497 0.606776 0.067606 0.069775
0 0.532074 0.605719 0.052113 0.067660
0 0.607426 0.609948 0.047887 0.059203
0 0.689116 0.683951 0.056338 0.076118
0 0.731370 0.645892 0.047887 0.067660
0 0.784891 0.635320 0.053521 0.071889
0 0.926440 0.645892 0.046479 0.084575
0 0.990333 0.570832 0.019334 0.061317
0 0.927145 0.578232 0.047887 0.054974
0 0.839821 0.598319 0.050704 0.082461
0 0.021259 0.570202 0.037397 0.061973
0 0.047000 0.516249 0.022827 0.038642
0 0.079540 0.507865 0.026712 0.049579
0 0.007108 0.499480 0.014216 0.034268
0 0.060599 0.457922 0.015056 0.024060
0 0.045786 0.438236 0.017484 0.025518
0 0.034130 0.459744 0.020398 0.029164
0 0.107952 0.503126 0.014570 0.029893
0 0.123736 0.526457 0.019913 0.038642
0 0.146806 0.542132 0.030112 0.053953
0 0.078083 0.460109 0.015056 0.031351
0 0.108923 0.468858 0.012627 0.021144
0 0.136364 0.466671 0.018941 0.026977
0 0.155062 0.477243 0.018456 0.024789
0 0.171332 0.532289 0.023798 0.034268
0 0.220142 0.541039 0.030112 0.048849
0 0.244911 0.528644 0.021370 0.051766
0 0.258753 0.494741 0.019913 0.040829
0 0.208000 0.464848 0.018456 0.034997
0 0.245154 0.461567 0.016027 0.037184
0 0.096296 0.448443 0.011656 0.021144
0 0.313953 0.542938 0.029449 0.043569
0 0.312459 0.489758 0.018779 0.035880
0 0.293679 0.480467 0.012804 0.022425
0 0.348271 0.498728 0.020487 0.038443
0 0.397994 0.515066 0.021767 0.042928
0 0.378574 0.496165 0.021340 0.038443
0 0.342083 0.463809 0.014085 0.028832
0 0.324370 0.469255 0.012804 0.024347
0 0.361289 0.448431 0.011524 0.023707
0 0.349338 0.439782 0.011524 0.019222
0 0.358942 0.476303 0.013658 0.020503
0 0.394153 0.451955 0.013231 0.026910
0 0.398207 0.479506 0.022194 0.030755
0 0.434059 0.490399 0.013658 0.026910
0 0.418054 0.473740 0.011524 0.029473
0 0.478873 0.467973 0.017072 0.025629
0 0.563846 0.540695 0.023901 0.045491
0 0.553816 0.499048 0.019206 0.042928
0 0.520739 0.469575 0.017072 0.036521
0 0.502813 0.443626 0.012804 0.023066
0 0.522659 0.438180 0.018353 0.028832
0 0.994180 0.472458 0.011640 0.029473
0 0.980037 0.460605 0.020060 0.028832
0 0.951441 0.455800 0.014938 0.023066
0 0.948027 0.492000 0.023474 0.033958
0 0.926687 0.505776 0.017499 0.034599
0 0.903213 0.514105 0.022621 0.041006
0 0.862880 0.498408 0.023047 0.036521
0 0.879952 0.474060 0.014511 0.030114
0 0.898304 0.460925 0.012804 0.028192
0 0.814864 0.516989 0.019206 0.042928
0 0.779440 0.574654 0.034571 0.049336
0 0.736119 0.538773 0.024755 0.046773
0 0.763221 0.511222 0.022621 0.048054
0 0.840259 0.502252 0.016219 0.031395
0 0.689636 0.530764 0.026462 0.051258
0 0.707135 0.514746 0.017926 0.042288
0 0.635006 0.497767 0.026462 0.046773
0 0.607690 0.477905 0.017072 0.027551
0 0.654852 0.471497 0.014085 0.033958
0 0.670430 0.464129 0.015365 0.029473
0 0.674698 0.497767 0.022194 0.040365
0 0.703934 0.470857 0.011524 0.026270
0 0.719726 0.462207 0.011524 0.029473
0 0.741280 0.465410 0.013658 0.028192
0 0.770690 0.470536 0.012804 0.030755
0 0.787122 0.470857 0.019206 0.026270
0 0.809529 0.478225 0.012804 0.033318
0 0.825321 0.477584 0.018779 0.026910
0 0.840899 0.461246 0.016645 0.024988
0 0.860746 0.468934 0.015365 0.024988
0 0.541516 0.441063 0.010670 0.025629
0 0.560722 0.433374 0.009816 0.019222
0 0.591666 0.445228 0.013658 0.024988
0 0.614073 0.448752 0.012377 0.025629
0 0.641602 0.446830 0.013658 0.029473
0 0.755810 0.448111 0.012377 0.029473
0 0.772029 0.442665 0.014938 0.027551
0 0.795716 0.445868 0.011950 0.027551
0 0.813002 0.447150 0.016645 0.022425
0 0.868060 0.439141 0.011524 0.023066
0 0.303224 0.440218 0.013658 0.023707
0 0.434893 0.444063 0.012377 0.027551