0 0.163570 0.190144 0.179519 0.267379
0 0.356208 0.122632 0.045442 0.076223
0 0.394523 0.125975 0.041878 0.096282
0 0.448430 0.115277 0.042769 0.069537
0 0.532024 0.079840 0.035641 0.073548
0 0.575903 0.075979 0.035720 0.065014
0 0.598702 0.041191 0.026600 0.052467
0 0.630277 0.074268 0.023560 0.052467
0 0.664477 0.062292 0.028120 0.049045
0 0.705931 0.060581 0.034200 0.052467
0 0.599152 0.188327 0.068399 0.079841
0 0.661091 0.131868 0.044840 0.106075
0 0.752221 0.086815 0.034200 0.063873
0 0.758301 0.143844 0.058520 0.061592
0 0.747592 0.220264 0.072199 0.107216
0 0.797786 0.057730 0.036480 0.080982
0 0.843351 0.044043 0.034891 0.055889
0 0.875478 0.080542 0.029363 0.058170
0 0.863077 0.167227 0.050160 0.122043
0 0.925500 0.062292 0.028120 0.058170
0 0.985360 0.054878 0.029280 0.063873
0 0.906120 0.155821 0.031920 0.076420
0 0.946020 0.103353 0.037240 0.078701
0 0.992960 0.147266 0.014080 0.070717
0 0.921700 0.281856 0.076759 0.095810
0 0.965020 0.204866 0.061560 0.094669