0 0.883254 0.345646 0.027229 0.040332
0 0.815180 0.363149 0.018153 0.031200
0 0.719310 0.360105 0.020422 0.020547
0 0.741718 0.366954 0.023258 0.023591
0 0.794191 0.426310 0.017018 0.031200
0 0.778875 0.441530 0.012480 0.029678
0 0.774336 0.417559 0.018153 0.016742
0 0.762707 0.441530 0.014182 0.043376
0 0.741434 0.452945 0.019287 0.035766
0 0.724416 0.450281 0.020422 0.036527
0 0.707397 0.416418 0.026095 0.026634
0 0.684423 0.458272 0.081121 0.095123
0 0.562316 0.539742 0.068830 0.110470
0 0.495329 0.481622 0.044248 0.058532
0 0.428343 0.493576 0.040560 0.067601
0 0.449545 0.568596 0.069444 0.102226
0 0.384095 0.516659 0.049164 0.072547
0 0.353368 0.623419 0.092183 0.129431
0 0.324791 0.544688 0.066986 0.085738
0 0.040253 0.752025 0.080506 0.192085
0 0.035337 0.587145 0.066986 0.114592
0 0.139811 0.602809 0.082965 0.112943
0 0.223083 0.558703 0.068830 0.090684
0 0.235681 0.704210 0.110005 0.117889
0 0.144420 0.483683 0.057768 0.077494
0 0.052544 0.477088 0.058382 0.098928
0 0.010447 0.451119 0.019666 0.065128
0 0.080199 0.435455 0.039946 0.075020
0 0.115229 0.409075 0.030113 0.048640
0 0.221546 0.468019 0.047321 0.065952
0 0.265179 0.420616 0.035029 0.048640
0 0.187746 0.433807 0.032571 0.043693
0 0.346608 0.448646 0.044248 0.050288
0 0.010570 0.381670 0.019174 0.052762
0 0.036627 0.389914 0.023107 0.042869
0 0.027286 0.345726 0.036873 0.038912
0 0.059489 0.353970 0.030482 0.044847
0 0.131268 0.356608 0.024582 0.043528
0 0.166667 0.360895 0.025565 0.044188
0 0.195428 0.365512 0.028024 0.049464
0 0.235497 0.369139 0.024582 0.042209
0 0.261554 0.374415 0.020649 0.031657
0 0.262783 0.355949 0.015241 0.026381
0 0.286627 0.365182 0.023599 0.036933
0 0.292035 0.323303 0.022616 0.029678
0 0.318092 0.328579 0.021632 0.030997
0 0.327925 0.386287 0.027532 0.052762
0 0.475418 0.412338 0.020649 0.033636
0 0.452557 0.358257 0.019174 0.025721
0 0.503196 0.367161 0.016224 0.038252
0 0.534661 0.421241 0.026057 0.043528
0 0.572271 0.420582 0.024582 0.038252
0 0.593166 0.414646 0.016224 0.038252
0 0.499263 0.396180 0.023107 0.031657