0 0.435103 0.316422 0.025945 0.067554
0 0.363940 0.406710 0.037806 0.071451
0 0.525170 0.452179 0.042995 0.089639
0 0.633398 0.443086 0.042995 0.084443
0 0.735696 0.426197 0.048925 0.087041
0 0.607453 0.496999 0.053373 0.096135
0 0.555192 0.604176 0.082283 0.136407
0 0.503673 0.524280 0.047443 0.083143
0 0.445111 0.457376 0.032617 0.058460
0 0.397668 0.428146 0.029652 0.059759
0 0.408788 0.471666 0.041512 0.089639
0 0.362457 0.480110 0.037806 0.098733
0 0.102871 0.450349 0.048184 0.083143
0 0.062100 0.641319 0.074870 0.145501
0 0.206281 0.528945 0.053373 0.100032
0 0.304502 0.460092 0.043736 0.061058
0 0.311173 0.562073 0.058562 0.103929
0 0.298571 0.405529 0.046701 0.055862
0 0.243716 0.393188 0.046701 0.093536
0 0.214064 0.437358 0.043736 0.072751
0 0.161803 0.435409 0.048925 0.084443
0 0.036525 0.510758 0.063751 0.113023
0 0.362322 0.680292 0.110452 0.181876
0 0.533493 0.738103 0.138621 0.222149
0 0.186300 0.911675 0.180282 0.176650
0 0.729962 0.676485 0.109859 0.204871
0 0.754609 0.534557 0.066197 0.113543
0 0.851088 0.517278 0.078873 0.153036
0 0.938412 0.519747 0.090141 0.153036