0 0.914813 0.194449 0.079507 0.125693
0 0.989872 0.311650 0.020256 0.108708
0 0.932336 0.704279 0.135328 0.591442
0 0.792714 0.265544 0.051680 0.117767
0 0.721116 0.229662 0.076443 0.152729
0 0.607529 0.294986 0.049526 0.147209
0 0.483664 0.398952 0.074289 0.149049
0 0.669926 0.449555 0.091516 0.231853
0 0.571586 0.281512 0.044696 0.081164
0 0.501082 0.215865 0.052378 0.116971
0 0.421151 0.302399 0.031427 0.056098
0 0.217289 0.372224 0.041204 0.083551
0 0.134881 0.356707 0.039807 0.066841
0 0.119517 0.428919 0.057965 0.134875
0 0.316170 0.401591 0.151809 0.329839