0 0.134882 0.213675 0.129541 0.200321
0 0.233040 0.341880 0.038729 0.047187
0 0.298478 0.344106 0.036058 0.051638
0 0.322182 0.374822 0.040732 0.054309
0 0.290131 0.428686 0.058093 0.081909
0 0.393630 0.413551 0.050080 0.067664
0 0.385951 0.331197 0.040064 0.052528
0 0.461071 0.336093 0.040732 0.048077
0 0.539196 0.332532 0.030048 0.053419
0 0.519164 0.401086 0.043403 0.069444
0 0.448050 0.426905 0.058761 0.087251
0 0.524840 0.479879 0.070780 0.116631
0 0.623998 0.418447 0.052751 0.082799
0 0.552217 0.378828 0.042735 0.062322
0 0.657385 0.397525 0.047409 0.073006
0 0.650040 0.329861 0.038061 0.056980
0 0.729501 0.331642 0.032719 0.044516
0 0.771234 0.347667 0.036058 0.053419
0 0.878405 0.373932 0.036725 0.063212
0 0.919137 0.349893 0.035390 0.057870
0 0.954861 0.398860 0.060096 0.086360
0 0.896100 0.471421 0.096154 0.119302
0 0.784255 0.389512 0.035390 0.064103
0 0.767895 0.417112 0.049412 0.069444
0 0.759549 0.552885 0.092815 0.127315
0 0.661058 0.489227 0.069444 0.103276