0 0.135357 0.524339 0.044048 0.088889
0 0.035238 0.532804 0.070476 0.156614
0 0.182976 0.566667 0.065476 0.165079
0 0.074048 0.857672 0.147619 0.273016
0 0.188929 0.477778 0.041667 0.071958
0 0.245476 0.539153 0.042857 0.093122
0 0.300833 0.493651 0.034524 0.074074
0 0.341905 0.492593 0.033333 0.067725
0 0.341310 0.620635 0.060714 0.146032
0 0.455595 0.564550 0.060714 0.122751
0 0.425833 0.484127 0.036905 0.076190
0 0.657381 0.352910 0.028571 0.067725
0 0.538929 0.493651 0.032143 0.074074
0 0.518690 0.466138 0.017857 0.057143
0 0.499643 0.516931 0.039286 0.086772
0 0.700833 0.491534 0.029762 0.044444
0 0.766310 0.644974 0.065476 0.118519
0 0.734167 0.592063 0.063095 0.114286
0 0.703810 0.545503 0.035714 0.097354
0 0.756786 0.493651 0.034524 0.052910
0 0.830000 0.538095 0.040476 0.095238
0 0.869286 0.508466 0.040476 0.086772
0 0.922857 0.512698 0.030952 0.091005
0 0.982976 0.700000 0.027381 0.215873
0 0.971548 0.624868 0.056904 0.171429
0 0.953810 0.488360 0.035714 0.059259
0 0.943095 0.559259 0.057143 0.099471