0 0.086077 0.348305 0.047988 0.104228
0 0.168709 0.340227 0.048091 0.077823
0 0.242835 0.324555 0.043784 0.085390
0 0.310306 0.355360 0.039477 0.082147
0 0.371023 0.343470 0.035889 0.077823
0 0.415818 0.365088 0.045220 0.075662
0 0.401104 0.534245 0.047373 0.096198
0 0.492489 0.352117 0.043784 0.086470
0 0.485312 0.526139 0.043784 0.099441
0 0.558655 0.372654 0.039477 0.092956
0 0.588801 0.533705 0.046655 0.095117
0 0.627692 0.349955 0.040913 0.075662
0 0.713498 0.342389 0.038042 0.082147
0 0.762698 0.323474 0.045220 0.094037
0 0.820055 0.349955 0.048091 0.092956
0 0.681883 0.516411 0.045937 0.088632
0 0.868243 0.326716 0.045154 0.094037