0 0.084248 0.385172 0.133947 0.195298
0 0.206604 0.250452 0.103036 0.179024
0 0.301912 0.157324 0.082429 0.148282
0 0.403017 0.069620 0.063110 0.121157
0 0.091332 0.083183 0.052806 0.112116
0 0.011213 0.145570 0.022426 0.128391
0 0.607158 0.134720 0.085005 0.139241
0 0.637425 0.045208 0.078565 0.090416
0 0.564655 0.044304 0.056670 0.081374
0 0.546624 0.261302 0.108188 0.175407
0 0.382410 0.523508 0.127508 0.211573
0 0.814519 0.584991 0.185466 0.294756
0 0.914979 0.288427 0.121068 0.226040
0 0.961998 0.126582 0.076004 0.184448
0 0.963285 0.031646 0.073429 0.063291