0 0.169071 0.409888 0.065705 0.126918
0 0.214744 0.383235 0.057692 0.088843
0 0.347756 0.439079 0.076923 0.129457
0 0.294872 0.258855 0.038462 0.058382
0 0.542468 0.381966 0.049679 0.050767
0 0.605769 0.474616 0.131410 0.175147
0 0.504006 0.567267 0.200321 0.299527
0 0.845353 0.480962 0.152244 0.243683
0 0.971955 0.393389 0.056090 0.144687
0 0.804487 0.379428 0.054487 0.096458
0 0.720353 0.369274 0.049679 0.065998
0 0.685897 0.392119 0.044872 0.101535
0 0.649840 0.345160 0.033654 0.038076
0 0.650641 0.383277 0.045788 0.059470