0 0.845501 0.459123 0.099558 0.148267
0 0.771386 0.419290 0.061947 0.104008
0 0.738569 0.424822 0.040560 0.081879
0 0.719764 0.410438 0.038348 0.086305
0 0.698378 0.427589 0.032448 0.067495
0 0.462758 0.390522 0.028761 0.068601
0 0.435103 0.430355 0.028024 0.066388
0 0.394543 0.422610 0.022124 0.081879
0 0.369838 0.429248 0.033186 0.099582
0 0.344395 0.404906 0.016224 0.055324
0 0.301991 0.414864 0.052360 0.128351
0 0.262906 0.515000 0.036136 0.116179
0 0.216077 0.449718 0.081121 0.105115
0 0.183997 0.536023 0.136431 0.226827