0 0.097345 0.594943 0.185841 0.247293
0 0.469764 0.665598 0.190265 0.295868
0 0.062684 0.301282 0.057522 0.097151
0 0.084808 0.268163 0.045723 0.083903
0 0.075221 0.177636 0.023599 0.061823
0 0.165192 0.205236 0.050147 0.064031
0 0.266224 0.216275 0.028024 0.046367
0 0.229351 0.254915 0.028024 0.057407
0 0.304572 0.239459 0.033923 0.057407
0 0.369469 0.289139 0.025074 0.059615
0 0.323009 0.323362 0.050147 0.057407
0 0.350295 0.374146 0.057522 0.083903
0 0.419617 0.384081 0.060472 0.108191
0 0.562684 0.429345 0.072271 0.123647
0 0.723451 0.420513 0.087021 0.128062
0 0.960177 0.410577 0.079646 0.147934
0 0.730826 0.332194 0.054572 0.092735
0 0.662242 0.347650 0.058997 0.105983
0 0.575221 0.318946 0.082596 0.105983
0 0.826696 0.197508 0.060472 0.083903