0 0.051047 0.606188 0.048401 0.073887
0 0.113126 0.583274 0.029461 0.054246
0 0.117686 0.638923 0.046998 0.066405
0 0.155915 0.587015 0.037879 0.048634
0 0.207122 0.579065 0.035073 0.049570
0 0.212032 0.643599 0.061728 0.077628
0 0.269902 0.613203 0.041386 0.059858
0 0.266395 0.569712 0.037177 0.042088
0 0.299013 0.563165 0.032267 0.047699
0 0.356883 0.558957 0.030163 0.046764
0 0.347063 0.613203 0.049804 0.057987
0 0.357585 0.678672 0.072250 0.084175
0 0.384942 0.580000 0.030163 0.057052
0 0.428847 0.605253 0.033670 0.055181
0 0.434458 0.560827 0.026655 0.035541
0 0.461464 0.549604 0.027357 0.037411
0 0.471986 0.576727 0.025954 0.037411
0 0.487418 0.543057 0.020342 0.029929
0 0.515477 0.562230 0.028760 0.042088
0 0.530207 0.583741 0.038580 0.051440
0 0.498992 0.660902 0.056117 0.071081
0 0.593307 0.667449 0.050505 0.071081
0 0.590150 0.584677 0.027357 0.038346
0 0.593658 0.557554 0.020342 0.017770
0 0.653632 0.558489 0.023850 0.049570
0 0.697473 0.637988 0.041386 0.083240
0 0.718868 0.587950 0.028058 0.046764
0 0.748329 0.573921 0.026655 0.028058
0 0.751135 0.610397 0.043490 0.050505
0 0.811748 0.601044 0.035774 0.063599
0 0.837351 0.575792 0.030864 0.044893
0 0.832441 0.771732 0.084175 0.122522
0 0.946077 0.732918 0.053311 0.093528
0 0.980755 0.683816 0.038490 0.075758
0 0.983911 0.621620 0.032178 0.046764
0 0.990575 0.574856 0.018850 0.033670
0 0.653919 0.619282 0.044192 0.055181
0 0.612182 0.624894 0.032267 0.053311