0 0.751269 0.155593 0.064938 0.061712
0 0.861732 0.239385 0.065165 0.045334
0 0.975910 0.300752 0.048180 0.106148
0 0.894179 0.334476 0.124149 0.131579
0 0.772987 0.255418 0.070942 0.070765
0 0.668791 0.267028 0.081288 0.074082
0 0.589182 0.234962 0.073898 0.058602
0 0.597311 0.347192 0.178833 0.190181
0 0.488009 0.229434 0.079810 0.063025
0 0.418209 0.223905 0.051729 0.040911
0 0.422643 0.284719 0.119715 0.102831
0 0.336048 0.252101 0.076854 0.077399
0 0.280625 0.223905 0.066508 0.058602
0 0.109853 0.224458 0.072420 0.053074
0 0.115765 0.300752 0.167009 0.088456
0 0.044084 0.242702 0.082766 0.069659
0 0.082598 0.517857 0.165195 0.346639