0 0.047857 0.062389 0.076190 0.124778
0 0.140119 0.122787 0.034524 0.063698
0 0.031786 0.106863 0.022619 0.043793
0 0.151429 0.660241 0.159524 0.274699
0 0.260952 0.384547 0.080952 0.173179
0 0.390119 0.272080 0.046429 0.099528
0 0.421667 0.118806 0.033333 0.095547
0 0.308571 0.118806 0.040476 0.067679
0 0.338333 0.227292 0.030952 0.053745
0 0.473452 0.358670 0.067857 0.145312
0 0.496071 0.279047 0.036905 0.069670
0 0.529405 0.230278 0.029762 0.063698
0 0.581190 0.211368 0.028571 0.057726
0 0.584762 0.270089 0.035714 0.107491
0 0.667500 0.258146 0.036905 0.079623
0 0.728810 0.375589 0.071429 0.159246
0 0.793095 0.232268 0.033333 0.063698
0 0.805595 0.136721 0.027381 0.051755
0 0.846667 0.240231 0.045238 0.079623
0 0.883571 0.231273 0.030952 0.073651
0 0.924643 0.273075 0.036905 0.081613
0 0.894881 0.361655 0.075000 0.143321
0 0.885357 0.605500 0.148810 0.340387