0 0.180678 0.786784 0.146018 0.222231
0 0.640855 0.760328 0.181416 0.215882
0 0.899705 0.870385 0.153392 0.237046
0 0.685103 0.602650 0.051622 0.086776
0 0.493363 0.603708 0.057522 0.080426
0 0.261062 0.480952 0.061947 0.071961
0 0.348083 0.532806 0.058997 0.078310
0 0.409387 0.556387 0.043491 0.059696
0 0.436427 0.516499 0.020422 0.023336
0 0.454202 0.529795 0.028742 0.027134
0 0.498260 0.513514 0.016262 0.018451
0 0.527381 0.533865 0.019287 0.028763
0 0.515279 0.521926 0.020800 0.028763
0 0.568036 0.521383 0.019666 0.027677
0 0.711368 0.512971 0.035550 0.044500
0 0.683761 0.542548 0.034793 0.028763
0 0.647266 0.556658 0.036684 0.056982
0 0.150312 0.529271 0.031668 0.034860
0 0.105197 0.533006 0.045549 0.049800
0 0.018870 0.555727 0.025594 0.051667
0 0.034704 0.535496 0.015617 0.034860