0 0.118732 0.276549 0.237463 0.482301
0 0.421829 0.524336 0.076696 0.146018
0 0.319322 0.455752 0.063422 0.110619
0 0.370206 0.328540 0.035398 0.073009
0 0.477876 0.324115 0.053097 0.086283
0 0.539086 0.276549 0.030973 0.061947
0 0.642330 0.278761 0.036873 0.075221
0 0.746313 0.272124 0.032448 0.053097
0 0.841445 0.279867 0.033923 0.050885
0 0.867994 0.226770 0.036873 0.064159
0 0.949115 0.232301 0.036873 0.053097
0 0.969764 0.285398 0.051622 0.057522
0 0.907080 0.361726 0.050147 0.077434
0 0.807522 0.367257 0.039823 0.066372
0 0.701327 0.359513 0.039823 0.064159
0 0.641593 0.471239 0.056047 0.097345
0 0.483776 0.450221 0.056047 0.108407
0 0.744838 0.560841 0.088496 0.143805
0 0.823009 0.448009 0.058997 0.099558
0 0.979351 0.444690 0.041298 0.088496