0 0.032859 0.619349 0.039803 0.056058
0 0.109449 0.607595 0.041009 0.061483
0 0.131763 0.665461 0.047040 0.072333
0 0.078089 0.778481 0.082018 0.121157
0 0.084723 0.703436 0.049452 0.054250
0 0.218003 0.594033 0.031360 0.045208
0 0.287356 0.513562 0.032566 0.061483
0 0.244538 0.688969 0.045834 0.072333
0 0.313288 0.773960 0.050658 0.075949
0 0.561755 0.528933 0.026535 0.048825
0 0.474309 0.608499 0.032566 0.045208
0 0.398322 0.600362 0.027741 0.032550
0 0.413399 0.646474 0.038597 0.066908
0 0.321731 0.623870 0.045834 0.057866
0 0.656437 0.505425 0.027741 0.048825
0 0.825901 0.474684 0.033772 0.056058
0 0.841581 0.674503 0.036184 0.057866
0 0.781877 0.662749 0.042215 0.066908
0 0.735440 0.620253 0.028948 0.050633
0 0.689003 0.622061 0.030154 0.057866
0 0.624474 0.628391 0.045834 0.059675
0 0.559342 0.604882 0.041009 0.048825
0 0.544266 0.659132 0.037391 0.074141
0 0.881384 0.623870 0.043421 0.043400
0 0.442142 0.713254 0.045984 0.083635
0 0.506596 0.614362 0.027138 0.057640
0 0.230312 0.649398 0.032415 0.032776