0 0.056090 0.486779 0.108974 0.163462
0 0.223977 0.439560 0.066392 0.117903
0 0.486493 0.463599 0.084707 0.138507
0 0.432311 0.425824 0.049603 0.095009
0 0.367445 0.355998 0.035867 0.067537
0 0.421245 0.339400 0.035104 0.050366
0 0.467415 0.370879 0.028236 0.051511
0 0.527701 0.347413 0.023657 0.045788
0 0.581120 0.360577 0.029762 0.060668
0 0.623092 0.331387 0.026709 0.052656
0 0.916132 0.107601 0.098443 0.177427
0 0.338065 0.329670 0.022894 0.042353
0 0.254121 0.327953 0.019841 0.034341
0 0.252595 0.371451 0.028999 0.059524
0 0.223977 0.368017 0.041972 0.045788
0 0.197650 0.352564 0.022894 0.046932
0 0.161020 0.321658 0.019841 0.035485
0 0.059142 0.364011 0.041972 0.078984
0 0.004407 0.378005 0.008814 0.062500