0 0.261832 0.387884 0.032428 0.070524
0 0.258229 0.693490 0.075666 0.106691
0 0.293660 0.633816 0.050444 0.063291
0 0.251023 0.622061 0.044439 0.039783
0 0.219195 0.575045 0.024021 0.036166
0 0.201780 0.549729 0.039635 0.047016
0 0.104495 0.566908 0.032428 0.037975
0 0.047445 0.551537 0.045640 0.068716
0 0.060657 0.603978 0.038434 0.054250
0 0.050448 0.627486 0.051645 0.065099
0 0.027926 0.694394 0.055852 0.119349
0 0.060056 0.698915 0.042037 0.070524
0 0.123111 0.595841 0.033629 0.048825
0 0.161545 0.621157 0.060052 0.056058
0 0.159143 0.669982 0.055248 0.092224
0 0.039336 0.878843 0.078672 0.119349
0 0.109900 0.931284 0.127311 0.126582
0 0.339300 0.788427 0.091280 0.169982
0 0.433582 0.868897 0.116502 0.164557
0 0.421572 0.685353 0.073264 0.115732
0 0.327890 0.510850 0.025222 0.056058
0 0.362720 0.518987 0.025222 0.043400
0 0.368726 0.545208 0.025222 0.041591
0 0.420971 0.525316 0.019217 0.041591
0 0.435384 0.537071 0.038434 0.043400
0 0.450397 0.577758 0.037232 0.037975
0 0.530266 0.605787 0.038434 0.039783
0 0.513452 0.578662 0.036031 0.050633
0 0.515253 0.523508 0.020418 0.045208
0 0.482224 0.512658 0.026423 0.037975
0 0.497238 0.491863 0.022820 0.050633
0 0.539274 0.479204 0.030026 0.047016
0 0.605932 0.609403 0.038434 0.054250
0 0.587316 0.577758 0.032428 0.052441
0 0.577107 0.764919 0.096084 0.108499
0 0.684000 0.790235 0.112898 0.216998
0 0.704418 0.604882 0.055248 0.077758
0 0.786089 0.591320 0.064857 0.104882
0 0.865359 0.640145 0.076867 0.097649
0 0.917004 0.575949 0.064857 0.088608
0 0.983724 0.582278 0.032552 0.079566
0 0.584313 0.528933 0.033629 0.045208
0 0.641964 0.480108 0.033629 0.045208
0 0.634157 0.510850 0.030026 0.066908
0 0.702016 0.538879 0.038434 0.054250
0 0.667786 0.554250 0.030026 0.052441
0 0.700215 0.475588 0.025222 0.036166
0 0.747656 0.485533 0.021619 0.027125
0 0.744653 0.468354 0.018016 0.036166
0 0.778283 0.470163 0.018016 0.047016
0 0.796899 0.454792 0.026423 0.045208
0 0.840737 0.467450 0.020418 0.034358
0 0.836533 0.447559 0.019217 0.037975
0 0.858753 0.455696 0.020418 0.047016
0 0.833531 0.492767 0.030026 0.037975
0 0.889980 0.493671 0.020418 0.039783
0 0.870163 0.490958 0.019217 0.037975
0 0.892983 0.456600 0.024021 0.034358
0 0.954837 0.502712 0.030026 0.047016
0 0.992131 0.504521 0.015738 0.036166