0 0.055595 0.753571 0.036905 0.047619
0 0.035952 0.833333 0.042857 0.059524
0 0.108571 0.904762 0.045238 0.064286
0 0.124048 0.815476 0.028571 0.057143
0 0.160952 0.732143 0.026190 0.057143
0 0.203810 0.717857 0.021429 0.038095
0 0.207976 0.802381 0.027381 0.050000
0 0.321071 0.813095 0.029762 0.066667
0 0.343690 0.751190 0.027381 0.052381
0 0.468690 0.878571 0.022619 0.050000
0 0.553214 0.955952 0.036905 0.052381
0 0.571667 0.328571 0.028571 0.073810
0 0.653214 0.304762 0.032143 0.045238
0 0.753810 0.333333 0.016667 0.050000
0 0.769286 0.367857 0.023810 0.076190
0 0.748452 0.621429 0.029762 0.073810
0 0.691905 0.703571 0.038095 0.080952
0 0.630595 0.579762 0.027381 0.061905
0 0.814524 0.696429 0.038095 0.080952
0 0.962738 0.897619 0.025000 0.064286
0 0.877619 0.941667 0.045238 0.109524