0 0.974967 0.716600 0.050066 0.103776
0 0.829904 0.548433 0.043344 0.062516
0 0.835322 0.660336 0.064183 0.086272
0 0.844075 0.760361 0.070018 0.116279
0 0.711958 0.787242 0.067517 0.135034
0 0.724878 0.694719 0.053347 0.080020
0 0.741549 0.571563 0.046678 0.073768
0 0.749051 0.517175 0.048345 0.062516
0 0.591436 0.734729 0.056681 0.092523
0 0.640615 0.600946 0.038343 0.067517
0 0.657702 0.564687 0.039176 0.052513
0 0.626444 0.517175 0.040010 0.060015
0 0.640615 0.379640 0.028340 0.057514
0 0.571848 0.416525 0.029174 0.041260
0 0.556844 0.483416 0.034175 0.062516
0 0.533921 0.519675 0.041677 0.075019
0 0.556010 0.596570 0.055847 0.083771
0 0.512666 0.630328 0.049179 0.091273
0 0.539756 0.877094 0.063349 0.106277
0 0.433896 0.803326 0.055014 0.093773
0 0.445490 0.614870 0.051680 0.073768
0 0.453409 0.546102 0.034175 0.061265
0 0.458827 0.509218 0.030008 0.045011
0 0.369221 0.534850 0.040844 0.053763
0 0.414232 0.686763 0.050846 0.092523
0 0.419461 0.903067 0.067517 0.120030
0 0.260974 0.908068 0.131700 0.177544
0 0.150530 0.837425 0.104193 0.151288
0 0.274311 0.758656 0.068350 0.111278
0 0.254723 0.703642 0.050846 0.076269
0 0.310153 0.644877 0.046678 0.083771
0 0.335160 0.559231 0.038343 0.087522
0 0.258474 0.540476 0.045011 0.077519
0 0.046906 0.754279 0.083354 0.132533
0 0.121924 0.700516 0.058348 0.127532
0 0.158183 0.692389 0.025840 0.093773
0 0.152765 0.612994 0.043344 0.087522
0 0.116090 0.567358 0.041677 0.071268
0 0.104003 0.386744 0.042511 0.081270