0 0.035398 0.628976 0.070796 0.222197
0 0.061947 0.529371 0.112094 0.150685
0 0.268437 0.717089 0.188791 0.280938
0 0.231563 0.452751 0.088496 0.114929
0 0.924779 0.644300 0.135693 0.278384
0 0.892330 0.485953 0.103245 0.150685
0 0.696165 0.262479 0.067847 0.127699
0 0.615044 0.478291 0.073746 0.120037
0 0.505162 0.488507 0.084071 0.145577
0 0.365044 0.461690 0.069322 0.122591
0 0.428327 0.389498 0.029897 0.046248
0 0.471179 0.377073 0.022323 0.043487
0 0.509647 0.379489 0.021925 0.052460
0 0.540939 0.389843 0.022323 0.035894
0 0.543730 0.363958 0.023918 0.039345
0 0.230208 0.376728 0.036275 0.042797
0 0.125967 0.419870 0.035877 0.068336
0 0.084310 0.389498 0.040262 0.064195
0 0.136530 0.294587 0.026708 0.059363