0 0.985083 0.308418 0.029833 0.144601
0 0.929340 0.368303 0.085788 0.132916
0 0.882312 0.301114 0.062016 0.100782
0 0.905051 0.251454 0.043411 0.048200
0 0.841485 0.254375 0.046512 0.086176
0 0.786704 0.285778 0.050646 0.093479
0 0.787738 0.229544 0.040310 0.056964
0 0.732347 0.261678 0.022739 0.059885
0 0.703923 0.276284 0.044444 0.089098
0 0.651210 0.325945 0.079587 0.121231
0 0.662579 0.251454 0.046512 0.051122
0 0.555274 0.279936 0.048579 0.096401
0 0.518064 0.245611 0.036176 0.068649
0 0.505802 0.325215 0.093023 0.137298
0 0.430773 0.252914 0.046512 0.059885
0 0.417336 0.304766 0.054780 0.119770
0 0.315574 0.258757 0.038243 0.062806
0 0.285506 0.331057 0.071318 0.116849
0 0.386798 0.485152 0.156072 0.258529
0 0.212685 0.266060 0.042377 0.092019
0 0.168757 0.284317 0.055814 0.096401
0 0.097439 0.332518 0.121964 0.154825
0 0.010477 0.284317 0.020954 0.078873