0 0.966805 0.295317 0.066390 0.128922
0 0.845996 0.375026 0.025032 0.036043
0 0.912211 0.586430 0.046027 0.092879
0 0.932398 0.826139 0.120317 0.347722
0 0.849226 0.496324 0.037952 0.101197
0 0.816927 0.451270 0.031492 0.088720
0 0.789472 0.458202 0.020187 0.083175
0 0.761613 0.453350 0.024225 0.065154
0 0.745463 0.412455 0.022610 0.022180
0 0.744656 0.444339 0.011305 0.044360
0 0.717274 0.433501 0.025840 0.041588
0 0.718889 0.533311 0.072674 0.138626
0 0.674074 0.478554 0.034722 0.073472
0 0.642178 0.447364 0.027455 0.074858
0 0.534267 0.351019 0.014535 0.042974
0 0.535882 0.460533 0.027455 0.048519
0 0.496719 0.531925 0.086402 0.155261
0 0.451903 0.400924 0.019380 0.056836
0 0.472090 0.401617 0.019380 0.038815
0 0.500756 0.432808 0.046027 0.051291
0 0.294038 0.459147 0.063792 0.103969
0 0.254471 0.410628 0.031492 0.056836
0 0.209655 0.419638 0.037145 0.077630
0 0.336027 0.418252 0.023417 0.058223
0 0.359445 0.423104 0.025032 0.045746
0 0.361867 0.384289 0.023417 0.037429
0 0.398608 0.393993 0.019380 0.031884
0 0.413951 0.438353 0.022610 0.048519
0 0.384477 0.419638 0.021802 0.047133
0 0.165169 0.424661 0.051680 0.105355
0 0.079575 0.517540 0.100129 0.202393