0 0.977239 0.439232 0.045522 0.098969
0 0.943404 0.506389 0.081211 0.120176
0 0.869115 0.406713 0.054448 0.104624
0 0.816051 0.459732 0.066445 0.103210
0 0.761141 0.489423 0.061831 0.120176
0 0.713615 0.415903 0.053525 0.086244
0 0.628670 0.341677 0.032300 0.065036
0 0.591295 0.308452 0.023994 0.052312
0 0.642052 0.483767 0.060908 0.139970
0 0.606522 0.432162 0.034145 0.090486
0 0.514279 0.472457 0.064599 0.091899
0 0.511510 0.396109 0.029531 0.041001
0 0.523508 0.366419 0.033223 0.057967
0 0.447289 0.324004 0.026763 0.052312
0 0.388016 0.338849 0.029531 0.059381
0 0.446156 0.409541 0.044297 0.070692
0 0.401398 0.471750 0.058140 0.104624
0 0.368553 0.400351 0.040605 0.055140
0 0.345146 0.326831 0.023994 0.052312
0 0.317460 0.331780 0.031377 0.073520
0 0.323375 0.465387 0.058140 0.086244
0 0.263851 0.346625 0.038760 0.083416
0 0.214730 0.362177 0.039683 0.077761
0 0.233565 0.460439 0.057217 0.093313
0 0.087125 0.405299 0.048911 0.087658
0 0.046981 0.396816 0.038760 0.079175