0 0.970554 0.651628 0.058470 0.067918
0 0.972925 0.591213 0.036873 0.056072
0 0.929730 0.571074 0.044248 0.056862
0 0.877845 0.591608 0.039507 0.048964
0 0.854404 0.573838 0.028445 0.043436
0 0.807786 0.568705 0.040560 0.048964
0 0.833860 0.630305 0.033713 0.047385
0 0.879425 0.652023 0.024758 0.048174
0 0.912347 0.691510 0.050569 0.130308
0 0.812000 0.718362 0.065845 0.133467
0 0.738517 0.685192 0.057944 0.114513
0 0.764855 0.627541 0.048462 0.065549
0 0.753529 0.588449 0.032132 0.055282
0 0.758534 0.546592 0.023177 0.033169
0 0.722187 0.549751 0.030552 0.047385
0 0.677149 0.541064 0.025811 0.042646
0 0.658186 0.563177 0.026865 0.033169
0 0.685314 0.592792 0.038980 0.052913
0 0.623946 0.524479 0.022651 0.034749
0 0.567056 0.530008 0.019490 0.033169
0 0.533871 0.526454 0.023704 0.032380
0 0.529393 0.560808 0.025284 0.044226
0 0.593131 0.539879 0.028445 0.024482
0 0.593658 0.566336 0.035820 0.031590
0 0.596292 0.622013 0.050569 0.093980
0 0.639223 0.672951 0.056363 0.115303
0 0.473293 0.520926 0.024758 0.054492
0 0.409292 0.509869 0.030552 0.046595
0 0.372682 0.520531 0.023704 0.041067
0 0.427202 0.537115 0.017910 0.048964
0 0.459598 0.565941 0.022651 0.057651
0 0.528340 0.620038 0.032659 0.074236
0 0.491993 0.633464 0.033713 0.093190
0 0.424041 0.605823 0.034766 0.072656
0 0.405868 0.560413 0.025811 0.060810
0 0.373999 0.574628 0.047408 0.059231
0 0.341340 0.554490 0.021070 0.066339
0 0.324220 0.485387 0.033186 0.075026
0 0.275495 0.522900 0.021070 0.044226
0 0.249157 0.517767 0.022124 0.046595
0 0.234408 0.537115 0.025284 0.052123
0 0.178835 0.520136 0.024758 0.040277
0 0.120365 0.516187 0.030025 0.038697
0 0.068479 0.521715 0.025284 0.026062
0 0.072429 0.541459 0.047935 0.037118
0 0.061894 0.599110 0.047935 0.086082
0 0.090603 0.625567 0.053729 0.099508
0 0.054783 0.719546 0.042141 0.112144
0 0.110883 0.768510 0.090076 0.187959
0 0.276812 0.689141 0.045828 0.123990
0 0.221766 0.662685 0.056890 0.082133
0 0.198852 0.606218 0.046882 0.067128
0 0.157238 0.578577 0.041614 0.059231
0 0.156711 0.533561 0.028972 0.052913
0 0.545052 0.880720 0.164924 0.229169
0 0.376777 0.769151 0.115312 0.215098