0 0.991690 0.459423 0.016620 0.057422
0 0.962750 0.430563 0.033223 0.051187
0 0.989329 0.407430 0.019934 0.032484
0 0.913286 0.398570 0.018457 0.036422
0 0.966425 0.631643 0.067150 0.157500
0 0.918823 0.497276 0.072351 0.101390
0 0.878587 0.443628 0.025840 0.043312
0 0.928790 0.437229 0.031746 0.044297
0 0.860868 0.412620 0.033223 0.040359
0 0.844626 0.458886 0.052418 0.065953
0 0.832075 0.394409 0.025840 0.031500
0 0.829323 0.549940 0.081949 0.126000
0 0.756603 0.607526 0.118125 0.154547
0 0.787979 0.437722 0.039129 0.049219
0 0.746267 0.455440 0.054633 0.074812
0 0.726702 0.409667 0.027316 0.034453
0 0.707708 0.449042 0.036176 0.060047
0 0.681801 0.435753 0.031746 0.061031
0 0.645189 0.533698 0.069398 0.107297
0 0.589651 0.458393 0.052418 0.068906
0 0.538374 0.455440 0.037652 0.059062
0 0.619954 0.403269 0.017719 0.029531
0 0.581932 0.397855 0.012551 0.020672
0 0.563106 0.410651 0.029531 0.036422
0 0.528038 0.396378 0.016980 0.027562
0 0.508104 0.401300 0.015504 0.043312
0 0.450988 0.400808 0.031746 0.042328
0 0.461693 0.462331 0.062016 0.086625
0 0.422565 0.443136 0.022148 0.038391
0 0.413705 0.567167 0.143226 0.245109
0 0.370516 0.434769 0.034699 0.041344
0 0.398940 0.402776 0.019195 0.034453
0 0.326051 0.350112 0.016242 0.025594
0 0.284540 0.350112 0.018457 0.029531
0 0.260277 0.343714 0.019195 0.030516
0 0.208161 0.348636 0.019934 0.030516
0 0.166751 0.350605 0.025840 0.030516
0 0.320682 0.400808 0.023625 0.026578
0 0.332494 0.455933 0.039867 0.060047
0 0.300379 0.417050 0.021410 0.029531
0 0.265680 0.404253 0.034699 0.035437
0 0.284506 0.444612 0.041344 0.051187
0 0.240948 0.450518 0.048726 0.059062
0 0.219168 0.406222 0.021410 0.029531
0 0.192590 0.424925 0.043559 0.064969
0 0.158999 0.430339 0.035437 0.062016
0 0.240042 0.558800 0.087855 0.124031
0 0.190946 0.505643 0.073828 0.135843
0 0.113561 0.437229 0.044297 0.052172
0 0.061881 0.443628 0.035437 0.074812
0 0.042418 0.305726 0.026578 0.037406