0 0.449662 0.325497 0.134877 0.264014
0 0.374395 0.322785 0.027698 0.063291
0 0.334053 0.358951 0.057805 0.081374
0 0.579722 0.227848 0.016860 0.039783
0 0.691117 0.260398 0.046966 0.079566
0 0.635720 0.294756 0.018064 0.036166
0 0.647161 0.305606 0.019268 0.043400
0 0.663418 0.335443 0.018064 0.041591
0 0.747115 0.327306 0.021677 0.043400
0 0.800102 0.413201 0.038536 0.063291
0 0.773006 0.362568 0.032515 0.045208
0 0.821779 0.367993 0.036128 0.048825
0 0.890422 0.440325 0.048171 0.066908
0 0.946420 0.435805 0.051783 0.072333
0 0.794207 0.334539 0.022443 0.037810
0 0.858252 0.359609 0.024633 0.040276
0 0.890822 0.362486 0.052550 0.083840
0 0.954045 0.378514 0.027917 0.040276
0 0.937624 0.333306 0.015874 0.030413
0 0.916823 0.337005 0.018064 0.031235
0 0.837998 0.336594 0.025727 0.028769
0 0.986739 0.362075 0.026522 0.036988
0 0.551712 0.315634 0.019159 0.032879