0 0.298878 0.478632 0.133013 0.285791
0 0.156250 0.275641 0.126603 0.259081
0 0.075321 0.255609 0.051282 0.202991
0 0.147436 0.084669 0.086538 0.090812
0 0.246795 0.065037 0.092949 0.130074
0 0.494391 0.077057 0.091346 0.154113
0 0.545673 0.206197 0.046474 0.194979
0 0.630609 0.162126 0.133013 0.117521
0 0.629808 0.343750 0.141026 0.245726
0 0.913462 0.462607 0.150641 0.307158
0 0.965545 0.263622 0.068910 0.186966
0 0.909455 0.236912 0.049679 0.128205
0 0.904647 0.116720 0.088141 0.186966
0 0.834135 0.156784 0.056090 0.117521
0 0.807692 0.075321 0.086538 0.136218