0 0.093750 0.432692 0.040064 0.042735
0 0.137019 0.458333 0.043269 0.072650
0 0.104167 0.488248 0.054487 0.072650
0 0.207532 0.480769 0.059295 0.100427
0 0.173878 0.422009 0.027244 0.042735
0 0.224359 0.410256 0.025641 0.044872
0 0.258013 0.451923 0.044872 0.072650
0 0.291667 0.430556 0.032051 0.051282
0 0.231550 0.436117 0.023422 0.038900
0 0.347428 0.422693 0.024244 0.032873
0 0.365835 0.444712 0.024539 0.042067
0 0.401392 0.425681 0.035557 0.037393
0 0.433444 0.469418 0.035557 0.047409
0 0.502304 0.446715 0.023037 0.034054
0 0.530849 0.429020 0.024038 0.038729
0 0.573167 0.426683 0.024539 0.040732
0 0.613982 0.443376 0.031050 0.039396
0 0.645282 0.466747 0.044571 0.062099
0 0.690104 0.453726 0.040064 0.064103
0 0.715895 0.451055 0.032552 0.052083
0 0.849609 0.441707 0.029547 0.036058