0 0.855274 0.381555 0.073538 0.141049
0 0.626221 0.537071 0.049427 0.086799
0 0.567752 0.635624 0.062688 0.106691
0 0.510488 0.557866 0.059072 0.084991
0 0.494816 0.679928 0.075949 0.122966
0 0.401989 0.713382 0.100060 0.157324
0 0.235624 0.835443 0.102471 0.235081
0 0.137975 0.640145 0.085594 0.141049
0 0.107836 0.901447 0.210970 0.197106
0 0.022242 0.540687 0.034961 0.094033
0 0.057806 0.466546 0.043400 0.075949
0 0.142797 0.468354 0.037372 0.061483
0 0.125919 0.538879 0.044605 0.061483
0 0.163291 0.574141 0.066305 0.106691
0 0.215130 0.506329 0.039783 0.090416
0 0.260338 0.587703 0.055455 0.104882
0 0.273599 0.512658 0.048222 0.081374
0 0.292887 0.443038 0.028933 0.050633
0 0.335684 0.462025 0.020494 0.045208
0 0.371850 0.545208 0.049427 0.095841
0 0.443580 0.533454 0.040989 0.083183
0 0.587040 0.446655 0.019289 0.036166
0 0.559313 0.456600 0.019289 0.030741
0 0.537010 0.465642 0.022905 0.045208
0 0.518927 0.481917 0.020494 0.045208
0 0.503858 0.445750 0.021700 0.048825
0 0.482761 0.477396 0.025316 0.043400
0 0.455033 0.477396 0.025316 0.043400
0 0.414045 0.465642 0.027728 0.037975
0 0.379687 0.463834 0.031344 0.041591
0 0.437553 0.433092 0.021700 0.037975
0 0.661784 0.466546 0.024111 0.043400
0 0.646112 0.475588 0.021700 0.036166
0 0.632851 0.479204 0.024111 0.039783
0 0.561323 0.515470 0.024111 0.045208
0 0.591838 0.498517 0.023357 0.042948
0 0.613312 0.484389 0.018083 0.041817
0 0.252402 0.412621 0.016576 0.033906
0 0.232812 0.404145 0.018083 0.028255
0 0.193255 0.388322 0.015823 0.030515
0 0.712016 0.528467 0.031646 0.050859
0 0.758354 0.487780 0.018837 0.039557