0 0.948012 0.506698 0.056516 0.071527
0 0.976270 0.563528 0.045506 0.098961
0 0.809659 0.581164 0.092480 0.120517
0 0.804521 0.502779 0.049910 0.038213
0 0.620928 0.537563 0.040368 0.088183
0 0.576523 0.377853 0.048442 0.060749
0 0.563178 0.546381 0.054314 0.080345
0 0.518772 0.511597 0.041836 0.057809
0 0.277896 0.679636 0.109362 0.170488
0 0.027568 0.540012 0.055136 0.098961
0 0.067247 0.485632 0.052112 0.078385
0 0.116423 0.492981 0.044772 0.067607
0 0.175874 0.498860 0.047708 0.079365
0 0.290741 0.485142 0.041102 0.067607
0 0.359000 0.501799 0.045506 0.079365
0 0.101376 0.600761 0.108628 0.126396
0 0.151653 0.560098 0.046240 0.086224
0 0.433131 0.535603 0.036699 0.074466
0 0.471665 0.552260 0.066791 0.115618
0 0.316063 0.567447 0.060920 0.095042
0 0.272025 0.531684 0.034497 0.060749
0 0.494084 0.340263 0.062388 0.078385