0 0.021548 0.710317 0.043095 0.082852
0 0.082381 0.759179 0.057143 0.087101
0 0.088929 0.697571 0.041667 0.053110
0 0.169286 0.678451 0.045238 0.082852
0 0.146071 0.757055 0.055952 0.104097
0 0.218690 0.734748 0.065476 0.127465
0 0.276429 0.718815 0.045238 0.082852
0 0.376429 0.700758 0.047619 0.076479
0 0.463929 0.647647 0.041667 0.080728
0 0.446071 0.487253 0.034524 0.070106
0 0.576429 0.771926 0.064286 0.125341
0 0.440714 0.828223 0.090476 0.195447
0 0.655595 0.839907 0.101190 0.206069
0 0.649048 0.697571 0.059524 0.082852
0 0.771667 0.788921 0.076190 0.125341
0 0.771071 0.702882 0.065476 0.072230