0 0.304572 0.098637 0.045723 0.069570
0 0.455752 0.138774 0.035398 0.069570
0 0.148230 0.330090 0.045723 0.088300
0 0.210177 0.279251 0.045723 0.082948
0 0.269912 0.275237 0.047198 0.080273
0 0.335546 0.300657 0.039823 0.077597
0 0.396755 0.263196 0.035398 0.072245
0 0.445428 0.289954 0.035398 0.077597
0 0.122419 0.528095 0.061947 0.125760
0 0.211652 0.461202 0.051622 0.104354
0 0.314159 0.442471 0.056047 0.109706
0 0.424779 0.434444 0.038348 0.099003
0 0.229351 0.635125 0.084071 0.168572
0 0.359145 0.619071 0.063422 0.115057
0 0.488938 0.609706 0.066372 0.112382
0 0.547935 0.522744 0.060472 0.120409
0 0.707227 0.281926 0.030973 0.082948
0 0.769912 0.292629 0.041298 0.082948
0 0.842183 0.285940 0.035398 0.080273
0 0.802360 0.339455 0.044248 0.080273
0 0.869469 0.335441 0.042773 0.077597