0 0.102626 0.556103 0.036366 0.066842
0 0.178439 0.577471 0.042530 0.087662
0 0.212648 0.555556 0.029586 0.056980
0 0.273669 0.585141 0.048077 0.094236
0 0.337463 0.543502 0.038831 0.056980
0 0.348866 0.605961 0.051775 0.103002
0 0.448410 0.653627 0.067184 0.128205
0 0.404647 0.576375 0.031435 0.074512
0 0.387697 0.574184 0.011095 0.030682
0 0.450875 0.561582 0.027737 0.047118
0 0.486933 0.568157 0.022189 0.055884
0 0.511896 0.587333 0.040064 0.096428
0 0.552268 0.640478 0.055473 0.121631
0 0.543331 0.568705 0.026504 0.032873
0 0.580621 0.568705 0.029586 0.063555
0 0.612673 0.590620 0.018491 0.043831
0 0.639485 0.605413 0.024038 0.053693
0 0.672152 0.605961 0.031435 0.067938
0 0.774470 0.642121 0.110330 0.212579
0 0.869699 0.626781 0.086292 0.181898
0 0.961354 0.646504 0.077292 0.157791
0 0.909147 0.624589 0.024655 0.089853