0 0.166383 0.081374 0.060706 0.097649
0 0.289774 0.110307 0.064665 0.115732
0 0.244245 0.231465 0.100296 0.173599
0 0.193437 0.398734 0.109534 0.186257
0 0.409865 0.198011 0.027713 0.045208
0 0.460013 0.209765 0.027713 0.057866
0 0.498944 0.206148 0.039591 0.061483
0 0.570867 0.216998 0.027713 0.061483
0 0.598581 0.199819 0.038271 0.063291
0 0.643450 0.209765 0.030353 0.050633
0 0.684360 0.219711 0.040910 0.056058
0 0.717353 0.201627 0.030353 0.052441
0 0.898810 0.220615 0.073903 0.119349
0 0.845362 0.205244 0.040910 0.099458
0 0.803792 0.209765 0.044869 0.075949
0 0.765521 0.217902 0.029033 0.059675
0 0.773439 0.169982 0.034312 0.028933
0 0.951597 0.205244 0.036951 0.045208
0 0.982610 0.230561 0.027713 0.063291